Usage statistics start at 05:00 each day
,Kitchen + Emergency (kWh),Gymm (kWh),PlugLoad (kWh),Lighting (kWh),AHS-Main (kWh),Colins (kWh),Chillers (kWh)
2016-03-30,295.5,240.69999999998254,89.09999999999127,231.0,949.0,99.69999999998254,0.2400000000016007
2016-03-31,1146.8999999999942,1159.0,571.0,1637.4000000000233,5371.0,555.2000000000116,154.09999999999854
2016-04-01,1027.4000000000233,1351.5,531.3999999999942,1565.7999999999884,5958.0,1058.6000000000058,261.77000000000044
2016-04-02,760.7000000000116,405.3999999999942,191.29999999998836,603.4000000000233,3548.0,1616.0,0.6399999999994179
2016-04-03,1111.6000000000058,510.0,191.5,638.1000000000349,3888.0,1485.7000000000116,0.22999999999956344
2016-04-04,1625.0999999999767,1218.0999999999767,531.6999999999971,1575.100000000035,5830.0,812.5,0.0
2016-04-05,1649.8000000000466,1240.1000000000058,554.8999999999942,1593.0999999999767,5983.0,872.5,0.3000000000029104
2016-04-06,1311.2999999999884,1306.3999999999942,567.3000000000029,1568.4000000000233,5724.0,877.2999999999884,0.8099999999976717
2016-04-07,1125.7999999999884,1343.5,614.1999999999971,1581.0,5397.0,633.3999999999942,0.6399999999994179
2016-04-08,1313.5999999999767,1210.2999999999884,561.0,1479.5,5259.0,610.3999999999942,0.5799999999981083
2016-04-09,901.7000000000116,387.1000000000349,218.6999999999971,578.0,2454.0,391.80000000001746,0.6000000000021828
2016-04-10,815.2999999999884,364.0,194.6999999999971,583.1000000000349,2664.0,733.0,0.680000000000291
2016-04-11,1152.7999999999884,1252.4000000000233,563.1000000000058,1578.7999999999884,5522.0,908.6000000000058,0.6500000000014552
2016-04-12,1131.9000000000233,1229.2999999999884,547.1999999999971,1627.2999999999884,5819.0,1123.1000000000058,29.720000000001164
2016-04-13,1264.899999999965,1286.2999999999884,553.8000000000029,1601.2999999999884,6023.0,1149.2999999999884,29.110000000000582
2016-04-14,1283.100000000035,1141.9000000000233,608.6000000000058,1576.2999999999884,5771.0,959.8999999999942,40.63999999999942
2016-04-15,1077.7000000000116,1114.7000000000116,495.1999999999971,1457.0,5373.0,1003.7000000000116,58.5
2016-04-16,739.4000000000233,347.70000000001164,192.0,559.2000000000116,3257.0,1443.8000000000175,0.7000000000007276
2016-04-17,717.2000000000116,314.29999999998836,190.39999999999418,581.5999999999767,2621.0,838.1000000000058,0.7199999999975262
2016-04-18,667.7000000000116,334.29999999998836,191.6999999999971,556.7999999999884,2184.0,447.9000000000233,0.6500000000014552
2016-04-19,752.8000000000466,401.5,338.0,675.7999999999884,2469.0,313.8999999999942,0.6300000000010186
2016-04-20,804.2999999999884,365.79999999998836,361.6000000000058,676.7999999999884,2560.0,366.70000000001164,0.6199999999989814
2016-04-21,772.4000000000233,287.30000000004657,268.0,669.7999999999884,2630.0,684.3999999999942,1.5099999999983993
2016-04-22,752.2000000000116,359.79999999998836,232.3000000000029,748.5999999999767,3021.0,983.0,5.430000000000291
2016-04-23,654.3000000000466,341.30000000004657,189.20000000001164,534.6000000000349,1890.0,216.70000000001164,0.569999999999709
2016-04-24,680.5,341.0,189.5,574.7999999999884,2154.0,417.1000000000058,0.7099999999991269
2016-04-25,1084.7000000000116,1161.2000000000116,547.0,1559.9000000000233,5242.0,699.2999999999884,69.20999999999913
2016-04-26,1360.7999999999884,1248.399999999965,606.2999999999884,1629.7999999999884,5624.0,643.3000000000175,0.4900000000016007
2016-04-27,1172.5,1147.399999999965,552.3999999999942,1550.1999999999534,5455.0,832.7999999999884,62.39999999999782
2016-04-28,1150.100000000035,1168.5,584.8999999999942,1519.5,5334.0,714.8999999999942,56.85000000000218
2016-04-29,1152.7999999999884,1141.0,553.5,1475.0999999999767,5175.0,667.9000000000233,40.88999999999942
2016-04-30,676.8000000000466,321.80000000004657,199.1999999999971,549.7000000000116,2429.0,741.0,0.7800000000024738
2016-05-01,654.5,348.20000000001164,202.5,561.5999999999767,1928.0,212.70000000001164,0.6699999999982538
2016-05-02,1245.600000000035,1256.7000000000116,572.1999999999971,1572.7999999999884,5752.0,978.8999999999942,0.6300000000010186
2016-05-03,1171.399999999965,1150.5,523.5,1546.7000000000116,5202.0,656.7999999999884,11.409999999999854
2016-05-04,1176.399999999965,1158.2999999999884,558.3000000000029,1542.2999999999884,5234.0,652.7999999999884,4.200000000000728
2016-05-05,1215.399999999965,1190.600000000035,622.1000000000058,1558.100000000035,5528.0,892.1999999999825,0.6299999999973807
2016-05-06,1060.7999999999884,1161.5,522.1999999999971,1470.6999999999534,5006.0,564.3000000000175,104.86000000000058
2016-05-07,778.0,382.0,230.70000000001164,619.7999999999884,3481.0,1547.0,0.6099999999969441
2016-05-08,682.0,305.5,190.90000000000873,548.2999999999884,1887.0,211.29999999998836,0.6199999999989814
2016-05-09,1097.2999999999884,1169.7999999999884,545.8000000000029,1472.0,5031.0,535.5,76.38999999999942
2016-05-10,1111.8000000000466,1182.1999999999534,546.6000000000058,1495.4000000000233,5160.0,541.6000000000058,133.1700000000019
2016-05-11,1068.5999999999767,1143.5999999999767,549.7999999999884,1500.2999999999884,5327.0,687.0,222.22999999999956
2016-05-12,1061.5,1172.9000000000233,536.6999999999971,1499.2999999999884,5379.0,702.6999999999825,243.02999999999884
2016-05-13,1013.6000000000349,1145.600000000035,492.90000000000873,1318.0,5533.0,1149.5999999999767,261.630000000001
2016-05-14,733.2000000000116,279.1000000000349,198.0,565.2999999999884,3504.0,1798.7000000000116,1.2200000000011642
2016-05-15,683.1000000000349,339.0999999999767,196.5,592.4000000000233,2342.0,582.2999999999884,0.6599999999998545
2016-05-16,1128.2000000000116,1055.0,541.3000000000029,1509.4000000000233,5393.0,957.6000000000058,42.030000000002474
2016-05-17,1051.7000000000116,1188.2000000000116,558.0,1536.5999999999767,5853.0,1144.6999999999825,203.14999999999782
2016-05-18,1028.0999999999767,1229.600000000035,562.3999999999942,1531.4000000000233,5882.0,1150.0999999999767,195.1800000000003
2016-05-19,1060.7999999999884,1204.0999999999767,618.6000000000058,1556.2999999999884,5473.0,705.3999999999942,225.52000000000044
2016-05-20,1008.5999999999767,1190.2000000000116,547.6999999999971,1439.2999999999884,5441.0,815.1000000000058,252.4900000000016
2016-05-21,740.3999999999651,308.8999999999651,199.10000000000582,585.2999999999884,3801.0,2010.5,1.0499999999992724
2016-05-22,654.2999999999884,321.79999999998836,200.60000000000582,585.0999999999767,2223.0,484.29999999998836,0.5799999999981083
2016-05-23,1061.7000000000116,1163.600000000035,579.8000000000029,1549.5,5849.0,1048.6000000000058,300.6800000000003
2016-05-24,1019.9000000000233,1176.3000000000466,581.6000000000058,1577.8000000000466,5527.0,799.6999999999825,147.29999999999927
2016-05-25,1047.3000000000466,1500.399999999965,647.6000000000058,1644.2999999999884,6632.0,1202.0,380.34000000000015
2016-05-26,999.0,1318.7000000000116,633.7000000000116,1843.100000000035,6684.0,1195.6999999999825,513.0499999999993
2016-05-27,951.2999999999884,1222.2000000000116,547.8999999999942,1585.0,6324.0,1477.7999999999884,443.869999999999
2016-05-28,709.3999999999651,299.29999999998836,217.09999999997672,759.8000000000466,2219.0,258.0,0.5800000000017462
2016-05-29,657.1999999999534,309.5,213.79999999998836,872.2999999999884,2268.0,239.5,0.5999999999985448
2016-05-30,662.1000000000349,328.20000000001164,214.60000000000582,647.0,2371.0,545.2999999999884,0.5800000000017462
2016-05-31,911.5,1350.2000000000116,611.4000000000233,1851.0999999999767,7292.0,1912.7000000000116,556.869999999999
2016-06-01,879.2000000000116,1241.0999999999767,596.5,1985.6999999999534,6096.0,744.2000000000116,439.66999999999825
2016-06-02,964.7999999999884,1193.600000000035,574.4000000000233,1770.0,5739.0,670.1000000000058,353.84000000000015
2016-06-03,885.5999999999767,1179.100000000035,515.7999999999884,1352.2999999999884,5615.0,1283.1000000000058,322.5
2016-06-04,753.3999999999651,345.9000000000233,286.0,714.7000000000116,3737.0,1565.1999999999825,94.10999999999694
2016-06-05,577.1000000000349,251.40000000002328,156.39999999999418,608.5,2504.0,936.0999999999767,0.8200000000033469
2016-06-07,720.5999999999767,833.4000000000233,408.80000000001746,1431.600000000035,4234.0,466.80000000001746,253.9200000000019
2016-06-08,926.2999999999884,1165.7000000000116,577.0,1826.100000000035,5970.0,1031.2000000000116,244.29999999999927
2016-06-09,979.2999999999884,1049.899999999965,588.8999999999942,1665.5,5737.0,1114.7000000000116,135.22999999999956
2016-06-10,946.5999999999767,1060.7999999999884,532.4000000000233,1586.0,5522.0,1083.3999999999942,133.09000000000015
2016-06-11,728.2999999999884,344.5,241.5,606.1999999999534,3196.0,1336.3999999999942,0.6000000000021828
2016-06-12,749.0,267.0,217.30000000001746,644.2999999999884,3037.0,1220.6000000000058,0.5200000000004366
2016-06-13,974.2999999999884,1159.4000000000233,598.2000000000116,1666.5,5742.0,1019.6000000000058,190.10000000000218
2016-06-14,959.0999999999767,1163.0999999999767,554.3999999999942,1619.5,5759.0,1152.5,205.03999999999724
2016-06-15,927.7999999999884,1230.2000000000116,618.2000000000116,1609.5999999999767,5837.0,1054.3999999999942,341.72000000000116
2016-06-16,934.9000000000233,1298.7000000000116,604.5,1780.0999999999767,6654.0,1550.8999999999942,370.10999999999694
2016-06-17,939.2000000000116,1143.0,555.7000000000116,1689.7000000000116,5340.0,548.0,311.72999999999956
2016-06-18,704.2000000000116,239.39999999996508,198.0,551.5,3596.0,1841.2000000000116,98.76000000000204
2016-06-19,694.7000000000116,234.79999999998836,199.89999999999418,579.2000000000116,1875.0,212.0,0.680000000000291
2016-06-20,943.7000000000116,1384.0999999999767,576.0,1732.600000000035,6462.0,1176.9000000000233,482.4900000000016
2016-06-21,911.7000000000116,1434.7000000000116,530.0,1563.0999999999767,6517.0,1521.8000000000466,481.8899999999994
2016-06-22,934.5,1176.7999999999884,532.8999999999942,1268.5,5778.0,1449.7000000000116,293.8199999999997
2016-06-23,938.5999999999767,1042.600000000035,451.20000000001164,1327.4000000000233,5799.0,1592.7000000000116,324.880000000001
2016-06-24,777.0,944.0,416.79999999998836,869.1000000000349,4085.0,673.2000000000116,304.1899999999987
2016-06-25,675.2000000000116,274.19999999995343,162.89999999999418,432.79999999998836,2574.0,1082.100000000035,1.9600000000027649
2016-06-26,668.2999999999884,263.6000000000349,163.89999999999418,542.1000000000349,1817.0,225.0,0.8100000000013097
2016-06-27,775.9000000000233,1413.3000000000466,264.19999999998254,880.7999999999884,4291.0,316.9000000000233,530.0399999999972
2016-06-28,778.2999999999884,1264.9000000000233,298.0,905.0,3712.0,312.0,180.14999999999782
2016-06-29,812.0,1611.5,328.6000000000058,937.2000000000116,4480.0,289.5,419.7000000000007
2016-06-30,813.5,1729.0,339.0,963.3000000000466,4498.0,237.79999999998836,332.3600000000006
2016-07-01,510.0999999999767,973.1999999999534,205.69999999998254,691.4000000000233,2907.0,165.90000000002328,304.01000000000204
Metasys File,2016 Q2 - Electric & Gas.csv,Report Format,Summary,Time Period,Full Day,Start Time,05:00
Kitchen + Emergency (kWh),Energy.AHS_N1-DE-ATS-Energy-kWh (Trend1),Gymm (kWh),Energy.AHS_N1-DG-kWh-Energy (Trend1),PlugLoad (kWh),Energy.AHS_N1-DHB - kWh Total (Trend1),Lighting (kWh),Energy.AHS_N1-DL-Energy-kWh (Trend1),AHS-Main (kWh),Energy.AHS_N1-Main-kWh-Energy (Trend1),Colins (kWh),Energy.CollinCtr-Energy-kWh (Trend1),Chillers (kWh),Energy.M1-kWh-Energy (Trend1)
b9e3af1ad8a6af868aa9604442704c4c