Usage statistics start at 05:00 each day
,Main (kWh),Gym (kWh),Lighting (kWh),Plug Load (kWh),Kitchen & Emergency (kWh),Chillers (kWh),Collins Center (kWh)
2016-06-29,1299.0,542.7000000000116,283.5,69.29999999998836,273.5,45.58999999999651,75.70000000001164
2016-06-30,4498.0,1729.0,963.3000000000466,339.0,813.5,332.3600000000006,237.79999999998836
2016-07-01,3740.0,1118.1999999999534,987.2000000000116,273.0,775.0999999999767,304.1600000000035,245.70000000001164
2016-07-02,2021.0,227.20000000001164,776.5999999999767,177.0,690.6000000000349,0.32999999999447027,201.0
2016-07-03,2110.0,291.79999999998836,804.0,178.80000000001746,689.2000000000116,0.2400000000052387,200.70000000001164
2016-07-04,2814.0,403.0,793.1000000000349,178.60000000000582,689.7999999999884,0.2699999999967986,812.7000000000116
2016-07-05,4535.0,1577.4000000000233,1017.0,317.79999999998836,773.2999999999884,533.0199999999968,243.09999999997672
2016-07-06,5076.0,1679.899999999965,1163.2999999999884,347.8999999999942,804.3999999999651,558.8700000000026,229.0
2016-07-07,4587.0,1634.399999999965,907.5,340.80000000001746,818.6000000000349,385.97000000000116,303.0
2016-07-08,3765.0,1366.8000000000466,801.2000000000116,277.70000000001164,732.9000000000233,247.7699999999968,244.5
2016-07-09,1718.0,307.0999999999767,428.80000000004657,174.5,643.4000000000233,0.41000000000349246,209.09999999997672
2016-07-10,1701.0,250.39999999996508,463.6000000000349,175.60000000000582,647.5,0.4099999999962165,207.79999999998836
2016-07-11,2730.0,627.0999999999767,637.2000000000116,358.79999999998836,788.2000000000116,91.8900000000067,249.90000000002328
2016-07-12,3350.0,685.2999999999884,701.3000000000466,470.6000000000058,831.9000000000233,317.36999999999534,251.79999999998836
2016-07-13,4604.0,1208.100000000035,1104.2000000000116,430.19999999998254,804.9000000000233,473.9300000000003,293.4000000000233
2016-07-14,5014.0,1521.9000000000233,1434.7000000000116,491.3999999999942,778.0999999999767,258.4800000000032,293.3999999999651
2016-07-15,5255.0,1957.100000000035,1395.0,316.5,768.2000000000116,279.02999999999884,238.19999999995343
2016-07-16,4097.0,1598.4000000000233,1091.100000000035,191.5,700.5999999999767,0.25,198.80000000004657
2016-07-17,4002.0,1508.100000000035,1095.4000000000233,186.79999999998836,684.7000000000116,0.2699999999967986,203.89999999996508
2016-07-18,5794.0,1830.0,1364.5999999999767,321.20000000001164,790.7000000000116,298.8199999999997,885.0
2016-07-19,5108.0,1671.9000000000233,1263.7000000000116,336.79999999998836,754.5,264.67000000000553,464.5999999999767
2016-07-20,4996.0,1685.7000000000116,1146.9000000000233,407.20000000001164,792.2999999999884,155.16999999999825,502.70000000001164
2016-07-21,5027.0,1721.7000000000116,1263.399999999965,338.1000000000058,797.7000000000116,180.02999999999884,451.79999999998836
2016-07-22,6725.0,1732.5,1049.0999999999767,303.5,820.5,311.1399999999994,2176.2000000000116
2016-07-23,5203.0,1498.5999999999767,504.9000000000233,178.0,724.2000000000116,0.20000000000436557,1878.100000000035
2016-07-24,4503.0,1410.5,520.5,178.90000000002328,709.5999999999767,0.23999999999796273,1257.0
2016-07-25,5662.0,1872.100000000035,856.0999999999767,299.0,820.5,621.4099999999962,718.7999999999884
2016-07-26,6388.0,1941.0999999999767,1525.7999999999884,386.0,856.6999999999534,626.9600000000064,551.7999999999884
2016-07-27,6188.0,1918.4000000000233,1685.2999999999884,393.0,827.6000000000349,540.3899999999994,345.20000000001164
2016-07-28,6263.0,1958.0,1639.0999999999767,388.0,809.2000000000116,618.9199999999983,348.3999999999651
2016-07-29,5659.0,1840.7000000000116,1439.600000000035,329.20000000001164,788.7000000000116,272.0,592.5
2016-07-30,4067.0,1334.7000000000116,1049.7999999999884,170.79999999998836,715.7000000000116,0.25,383.1000000000349
2016-07-31,4118.0,1405.2000000000116,1026.2999999999884,166.79999999998836,663.5,0.3499999999985448,446.5
2016-08-01,6520.0,1815.3000000000466,1456.7000000000116,415.5999999999767,758.0,335.3199999999997,1313.8000000000466
2016-08-02,6517.0,1708.0999999999767,1447.0,557.0,820.1000000000349,265.1100000000006,1307.1999999999534
2016-08-03,5789.0,1561.2999999999884,1207.7999999999884,403.1000000000058,796.4000000000233,149.25,1325.7000000000116
2016-08-04,6245.0,1595.0,1443.0,523.1999999999825,846.0,164.2699999999968,1361.7999999999884
2016-08-05,5944.0,1414.5,1593.0,352.80000000001746,822.6999999999534,189.8900000000067,1322.3000000000466
2016-08-06,3903.0,1145.7999999999884,762.2000000000116,150.69999999998254,758.9000000000233,0.6399999999994179,982.5999999999767
2016-08-07,3373.0,1017.2999999999884,521.7000000000116,149.39999999999418,735.7999999999884,0.31000000000494765,934.3999999999651
2016-08-08,3160.0,894.7000000000116,623.6000000000349,254.89999999999418,814.0999999999767,187.25,340.0999999999767
2016-08-09,3290.0,817.5,652.3999999999651,368.0,875.7999999999884,200.04999999999563,332.4000000000233
2016-08-10,3173.0,817.9000000000233,698.7000000000116,257.8999999999942,809.4000000000233,198.69000000000233,346.20000000001164
2016-08-11,4943.0,948.5999999999767,729.9000000000233,280.8999999999942,847.5,301.33000000000175,1800.5
2016-08-12,5698.0,840.5,771.1000000000349,265.8999999999942,826.7000000000116,304.4499999999971,2652.899999999965
2016-08-13,3323.0,673.1000000000349,456.4000000000233,159.5,713.1999999999534,0.33999999999650754,1304.3000000000466
2016-08-14,3377.0,542.7999999999884,576.4000000000233,161.90000000002328,749.7000000000116,0.1900000000023283,1332.5
2016-08-15,4844.0,874.2000000000116,786.2999999999884,251.40000000002328,827.3999999999651,690.9700000000012,1251.2999999999884
2016-08-16,4042.0,784.5,733.8999999999651,198.89999999999418,881.6000000000349,238.48999999999796,1192.5999999999767
2016-08-17,5567.0,823.2999999999884,1510.4000000000233,169.60000000000582,892.2999999999884,761.1399999999994,1093.7000000000116
2016-08-18,4418.0,836.0,826.0,289.80000000001746,818.2000000000116,213.5699999999997,1446.5999999999767
2016-08-19,3905.0,751.7000000000116,698.5,226.0,767.9000000000233,280.3199999999997,1231.7000000000116
2016-08-20,2118.0,596.0,482.20000000001164,173.89999999999418,706.9000000000233,0.569999999999709,207.40000000002328
2016-08-21,2215.0,594.5,519.6999999999534,170.59999999997672,702.1999999999534,0.6100000000005821,275.79999999998836
2016-08-22,3713.0,848.5999999999767,1017.8000000000466,296.1000000000058,774.9000000000233,251.3199999999997,384.8999999999651
2016-08-23,4690.0,852.2000000000116,1301.399999999965,257.9000000000233,785.0,180.59000000000378,1034.2999999999884
2016-08-24,5511.0,856.5999999999767,1032.7999999999884,312.79999999998836,977.5,236.64999999999418,2095.9000000000233
2016-08-25,4830.0,770.0999999999767,935.9000000000233,262.29999999998836,914.2999999999884,249.54000000000087,1786.7999999999884
2016-08-26,5560.0,977.2999999999884,1129.5,374.5999999999767,902.5,282.75,1829.1999999999534
2016-08-27,4062.0,789.5,743.2999999999884,187.80000000001746,752.2999999999884,0.25,1569.7000000000116
2016-08-28,3071.0,597.7000000000116,629.5,183.10000000000582,725.0999999999767,0.33000000000174623,994.5
2016-08-29,6469.0,1159.9000000000233,1665.600000000035,509.1000000000058,963.2000000000116,626.8699999999953,1351.4000000000233
2016-08-30,5780.0,1128.7000000000116,1488.0,514.5,1021.7999999999884,342.3600000000006,1078.5999999999767
2016-08-31,6714.0,1262.6999999999534,1853.6999999999534,612.3999999999942,991.5,547.2200000000012,1250.0999999999767
2016-09-01,7399.0,1694.0,1905.0999999999767,595.1000000000058,983.1000000000349,782.4300000000003,1250.7000000000116
2016-09-02,6742.0,1674.0,1733.0,560.4000000000233,938.5999999999767,551.1600000000035,1093.0
2016-09-03,3413.0,1230.9000000000233,517.2999999999884,185.20000000001164,680.7999999999884,111.44999999999709,716.1000000000349
2016-09-04,3141.0,1073.2000000000116,555.3999999999651,186.39999999999418,666.7000000000116,0.5200000000040745,719.5
2016-09-05,2959.0,1104.0,513.0999999999767,186.60000000000582,680.8000000000466,0.5500000000029104,532.2000000000116
2016-09-06,6452.0,1809.100000000035,1866.3000000000466,570.9000000000233,984.5999999999767,525.239999999998,495.0999999999767
2016-09-07,6706.0,1824.0999999999767,1902.5,598.3999999999942,968.3999999999651,627.0299999999988,593.4000000000233
2016-09-08,7463.0,1896.2999999999884,1905.2000000000116,648.1999999999825,1017.0999999999767,710.8000000000029,1086.2999999999884
2016-09-09,7458.0,1695.7999999999884,1872.9000000000233,682.1000000000058,1021.3999999999651,635.3799999999974,1368.7999999999884
2016-09-10,3594.0,1085.5,599.2000000000116,233.30000000001746,760.5,0.19999999999708962,979.2000000000116
2016-09-11,3292.0,924.0,694.5999999999767,200.5,653.4000000000233,0.6699999999982538,858.0
2016-09-12,6768.0,1512.2000000000116,1754.899999999965,604.9000000000233,1081.2000000000116,336.1800000000003,1269.2999999999884
2016-09-13,6662.0,1217.7000000000116,1734.7000000000116,586.3999999999942,1089.2999999999884,446.5699999999997,1428.5999999999767
2016-09-14,7729.0,1513.0999999999767,2307.0,730.3999999999942,1060.2999999999884,663.2699999999968,1224.399999999965
2016-09-15,5520.0,1136.0999999999767,1748.5,560.1999999999825,1042.2000000000116,266.6900000000023,563.4000000000233
2016-09-16,5349.0,1155.7999999999884,1652.899999999965,555.9000000000233,1064.9000000000233,251.54999999999563,475.0
2016-09-17,1928.0,289.5,553.8999999999651,179.0,699.2999999999884,0.5900000000037835,248.39999999996508
2016-09-18,1916.0,276.79999999998836,596.9000000000233,183.0,686.7999999999884,0.5199999999967986,215.80000000004657
2016-09-19,6181.0,1324.2000000000116,1886.100000000035,599.5,984.2000000000116,634.3300000000017,548.0
2016-09-20,6139.0,1296.5999999999767,1865.2000000000116,607.7000000000116,990.2000000000116,591.0500000000029,591.0999999999767
2016-09-21,5935.0,1315.8000000000466,1842.7999999999884,616.7999999999884,992.7999999999884,461.9599999999991,521.0
2016-09-22,5954.0,1203.2000000000116,1785.0,578.0999999999767,1056.2999999999884,453.2299999999959,681.8000000000466
2016-09-23,5569.0,1197.7000000000116,1573.0,504.69999999998254,940.0999999999767,359.90000000000146,803.2999999999884
2016-09-24,2016.0,346.6000000000349,529.9000000000233,181.40000000002328,714.1000000000349,0.6599999999962165,288.4000000000233
2016-09-25,2061.0,316.29999999998836,590.2999999999884,179.19999999998254,712.2000000000116,0.6299999999973807,308.9000000000233
2016-09-26,5198.0,1211.7000000000116,1601.2000000000116,554.5999999999767,1111.7000000000116,82.69000000000233,451.1000000000349
2016-09-27,5336.0,1184.4000000000233,1742.899999999965,568.2999999999884,961.2999999999884,227.7699999999968,492.4000000000233
2016-09-28,4978.0,1069.0,1725.0,558.0,975.9000000000233,21.729999999995925,460.79999999998836
2016-09-29,5086.0,1152.5,1612.2999999999884,562.0,1097.0999999999767,44.94000000000233,467.8999999999651
2016-09-30,5682.0,1229.600000000035,1537.1999999999534,544.3999999999942,1087.399999999965,25.75,1108.7000000000116
2016-10-01,1539.0,222.80000000004657,388.9000000000233,143.69999999998254,497.8999999999651,0.3699999999953434,319.5999999999767
Metasys File,2016 Q3 - Electric & Gas.csv,Report Format,Summary,Time Period,Full Day,Start Time,05:00
Main (kWh),Energy.AHS_N1-Main-kWh-Energy (Trend1),Gym (kWh),Energy.AHS_N1-DG-kWh-Energy (Trend1),Lighting (kWh),Energy.AHS_N1-DL-Energy-kWh (Trend1),Plug Load (kWh),Energy.AHS_N1-DHB - kWh Total (Trend1),Kitchen & Emergency (kWh),Energy.AHS_N1-DE-ATS-Energy-kWh (Trend1),Chillers (kWh),Energy.M1-kWh-Energy (Trend1),Collins Center (kWh),Energy.CollinCtr-Energy-kWh (Trend1)
47d673d1d6982203488d09cbc94ab41a