Usage statistics start at 05:00 each day
,Kitchen + Emergency (kWh),Gymm (kWh),PlugLoad (kWh),Lighting (kWh),AHS-Main (kWh),Colins (kWh),Chillers (kWh)
2016-06-29,273.5,542.7000000000116,69.29999999998836,283.5,1299.0,75.70000000001164,45.58999999999651
2016-06-30,813.5,1729.0,339.0,963.3000000000466,4498.0,237.79999999998836,332.3600000000006
2016-07-01,775.0999999999767,1118.1999999999534,273.0,987.2000000000116,3740.0,245.70000000001164,304.1600000000035
2016-07-02,690.6000000000349,227.20000000001164,177.0,776.5999999999767,2021.0,201.0,0.32999999999447027
2016-07-03,689.2000000000116,291.79999999998836,178.80000000001746,804.0,2110.0,200.70000000001164,0.2400000000052387
2016-07-04,689.7999999999884,403.0,178.60000000000582,793.1000000000349,2814.0,812.7000000000116,0.2699999999967986
2016-07-05,773.2999999999884,1577.4000000000233,317.79999999998836,1017.0,4535.0,243.09999999997672,533.0199999999968
2016-07-06,804.3999999999651,1679.899999999965,347.8999999999942,1163.2999999999884,5076.0,229.0,558.8700000000026
2016-07-07,818.6000000000349,1634.399999999965,340.80000000001746,907.5,4587.0,303.0,385.97000000000116
2016-07-08,732.9000000000233,1366.8000000000466,277.70000000001164,801.2000000000116,3765.0,244.5,247.7699999999968
2016-07-09,643.4000000000233,307.0999999999767,174.5,428.80000000004657,1718.0,209.09999999997672,0.41000000000349246
2016-07-10,647.5,250.39999999996508,175.60000000000582,463.6000000000349,1701.0,207.79999999998836,0.4099999999962165
2016-07-11,788.2000000000116,627.0999999999767,358.79999999998836,637.2000000000116,2730.0,249.90000000002328,91.8900000000067
2016-07-12,831.9000000000233,685.2999999999884,470.6000000000058,701.3000000000466,3350.0,251.79999999998836,317.36999999999534
2016-07-13,804.9000000000233,1208.100000000035,430.19999999998254,1104.2000000000116,4604.0,293.4000000000233,473.9300000000003
2016-07-14,778.0999999999767,1521.9000000000233,491.3999999999942,1434.7000000000116,5014.0,293.3999999999651,258.4800000000032
2016-07-15,768.2000000000116,1957.100000000035,316.5,1395.0,5255.0,238.19999999995343,279.02999999999884
2016-07-16,700.5999999999767,1598.4000000000233,191.5,1091.100000000035,4097.0,198.80000000004657,0.25
2016-07-17,684.7000000000116,1508.100000000035,186.79999999998836,1095.4000000000233,4002.0,203.89999999996508,0.2699999999967986
2016-07-18,790.7000000000116,1830.0,321.20000000001164,1364.5999999999767,5794.0,885.0,298.8199999999997
2016-07-19,754.5,1671.9000000000233,336.79999999998836,1263.7000000000116,5108.0,464.5999999999767,264.67000000000553
2016-07-20,792.2999999999884,1685.7000000000116,407.20000000001164,1146.9000000000233,4996.0,502.70000000001164,155.16999999999825
2016-07-21,797.7000000000116,1721.7000000000116,338.1000000000058,1263.399999999965,5027.0,451.79999999998836,180.02999999999884
2016-07-22,820.5,1732.5,303.5,1049.0999999999767,6725.0,2176.2000000000116,311.1399999999994
2016-07-23,724.2000000000116,1498.5999999999767,178.0,504.9000000000233,5203.0,1878.100000000035,0.20000000000436557
2016-07-24,709.5999999999767,1410.5,178.90000000002328,520.5,4503.0,1257.0,0.23999999999796273
2016-07-25,820.5,1872.100000000035,299.0,856.0999999999767,5662.0,718.7999999999884,621.4099999999962
2016-07-26,856.6999999999534,1941.0999999999767,386.0,1525.7999999999884,6388.0,551.7999999999884,626.9600000000064
2016-07-27,827.6000000000349,1918.4000000000233,393.0,1685.2999999999884,6188.0,345.20000000001164,540.3899999999994
2016-07-28,809.2000000000116,1958.0,388.0,1639.0999999999767,6263.0,348.3999999999651,618.9199999999983
2016-07-29,788.7000000000116,1840.7000000000116,329.20000000001164,1439.600000000035,5659.0,592.5,272.0
2016-07-30,715.7000000000116,1334.7000000000116,170.79999999998836,1049.7999999999884,4067.0,383.1000000000349,0.25
2016-07-31,663.5,1405.2000000000116,166.79999999998836,1026.2999999999884,4118.0,446.5,0.3499999999985448
2016-08-01,758.0,1815.3000000000466,415.5999999999767,1456.7000000000116,6520.0,1313.8000000000466,335.3199999999997
2016-08-02,820.1000000000349,1708.0999999999767,557.0,1447.0,6517.0,1307.1999999999534,265.1100000000006
2016-08-03,796.4000000000233,1561.2999999999884,403.1000000000058,1207.7999999999884,5789.0,1325.7000000000116,149.25
2016-08-04,846.0,1595.0,523.1999999999825,1443.0,6245.0,1361.7999999999884,164.2699999999968
2016-08-05,822.6999999999534,1414.5,352.80000000001746,1593.0,5944.0,1322.3000000000466,189.8900000000067
2016-08-06,758.9000000000233,1145.7999999999884,150.69999999998254,762.2000000000116,3903.0,982.5999999999767,0.6399999999994179
2016-08-07,735.7999999999884,1017.2999999999884,149.39999999999418,521.7000000000116,3373.0,934.3999999999651,0.31000000000494765
2016-08-08,814.0999999999767,894.7000000000116,254.89999999999418,623.6000000000349,3160.0,340.0999999999767,187.25
2016-08-09,875.7999999999884,817.5,368.0,652.3999999999651,3290.0,332.4000000000233,200.04999999999563
2016-08-10,809.4000000000233,817.9000000000233,257.8999999999942,698.7000000000116,3173.0,346.20000000001164,198.69000000000233
2016-08-11,847.5,948.5999999999767,280.8999999999942,729.9000000000233,4943.0,1800.5,301.33000000000175
2016-08-12,826.7000000000116,840.5,265.8999999999942,771.1000000000349,5698.0,2652.899999999965,304.4499999999971
2016-08-13,713.1999999999534,673.1000000000349,159.5,456.4000000000233,3323.0,1304.3000000000466,0.33999999999650754
2016-08-14,749.7000000000116,542.7999999999884,161.90000000002328,576.4000000000233,3377.0,1332.5,0.1900000000023283
2016-08-15,827.3999999999651,874.2000000000116,251.40000000002328,786.2999999999884,4844.0,1251.2999999999884,690.9700000000012
2016-08-16,881.6000000000349,784.5,198.89999999999418,733.8999999999651,4042.0,1192.5999999999767,238.48999999999796
2016-08-17,892.2999999999884,823.2999999999884,169.60000000000582,1510.4000000000233,5567.0,1093.7000000000116,761.1399999999994
2016-08-18,818.2000000000116,836.0,289.80000000001746,826.0,4418.0,1446.5999999999767,213.5699999999997
2016-08-19,767.9000000000233,751.7000000000116,226.0,698.5,3905.0,1231.7000000000116,280.3199999999997
2016-08-20,706.9000000000233,596.0,173.89999999999418,482.20000000001164,2118.0,207.40000000002328,0.569999999999709
2016-08-21,702.1999999999534,594.5,170.59999999997672,519.6999999999534,2215.0,275.79999999998836,0.6100000000005821
2016-08-22,774.9000000000233,848.5999999999767,296.1000000000058,1017.8000000000466,3713.0,384.8999999999651,251.3199999999997
2016-08-23,785.0,852.2000000000116,257.9000000000233,1301.399999999965,4690.0,1034.2999999999884,180.59000000000378
2016-08-24,977.5,856.5999999999767,312.79999999998836,1032.7999999999884,5511.0,2095.9000000000233,236.64999999999418
2016-08-25,914.2999999999884,770.0999999999767,262.29999999998836,935.9000000000233,4830.0,1786.7999999999884,249.54000000000087
2016-08-26,902.5,977.2999999999884,374.5999999999767,1129.5,5560.0,1829.1999999999534,282.75
2016-08-27,752.2999999999884,789.5,187.80000000001746,743.2999999999884,4062.0,1569.7000000000116,0.25
2016-08-28,725.0999999999767,597.7000000000116,183.10000000000582,629.5,3071.0,994.5,0.33000000000174623
2016-08-29,963.2000000000116,1159.9000000000233,509.1000000000058,1665.600000000035,6469.0,1351.4000000000233,626.8699999999953
2016-08-30,1021.7999999999884,1128.7000000000116,514.5,1488.0,5780.0,1078.5999999999767,342.3600000000006
2016-08-31,991.5,1262.6999999999534,612.3999999999942,1853.6999999999534,6714.0,1250.0999999999767,547.2200000000012
2016-09-01,983.1000000000349,1694.0,595.1000000000058,1905.0999999999767,7399.0,1250.7000000000116,782.4300000000003
2016-09-02,938.5999999999767,1674.0,560.4000000000233,1733.0,6742.0,1093.0,551.1600000000035
2016-09-03,680.7999999999884,1230.9000000000233,185.20000000001164,517.2999999999884,3413.0,716.1000000000349,111.44999999999709
2016-09-04,666.7000000000116,1073.2000000000116,186.39999999999418,555.3999999999651,3141.0,719.5,0.5200000000040745
2016-09-05,680.8000000000466,1104.0,186.60000000000582,513.0999999999767,2959.0,532.2000000000116,0.5500000000029104
2016-09-06,984.5999999999767,1809.100000000035,570.9000000000233,1866.3000000000466,6452.0,495.0999999999767,525.239999999998
2016-09-07,968.3999999999651,1824.0999999999767,598.3999999999942,1902.5,6706.0,593.4000000000233,627.0299999999988
2016-09-08,1017.0999999999767,1896.2999999999884,648.1999999999825,1905.2000000000116,7463.0,1086.2999999999884,710.8000000000029
2016-09-09,1021.3999999999651,1695.7999999999884,682.1000000000058,1872.9000000000233,7458.0,1368.7999999999884,635.3799999999974
2016-09-10,760.5,1085.5,233.30000000001746,599.2000000000116,3594.0,979.2000000000116,0.19999999999708962
2016-09-11,653.4000000000233,924.0,200.5,694.5999999999767,3292.0,858.0,0.6699999999982538
2016-09-12,1081.2000000000116,1512.2000000000116,604.9000000000233,1754.899999999965,6768.0,1269.2999999999884,336.1800000000003
2016-09-13,1089.2999999999884,1217.7000000000116,586.3999999999942,1734.7000000000116,6662.0,1428.5999999999767,446.5699999999997
2016-09-14,1060.2999999999884,1513.0999999999767,730.3999999999942,2307.0,7729.0,1224.399999999965,663.2699999999968
2016-09-15,1042.2000000000116,1136.0999999999767,560.1999999999825,1748.5,5520.0,563.4000000000233,266.6900000000023
2016-09-16,1064.9000000000233,1155.7999999999884,555.9000000000233,1652.899999999965,5349.0,475.0,251.54999999999563
2016-09-17,699.2999999999884,289.5,179.0,553.8999999999651,1928.0,248.39999999996508,0.5900000000037835
2016-09-18,686.7999999999884,276.79999999998836,183.0,596.9000000000233,1916.0,215.80000000004657,0.5199999999967986
2016-09-19,984.2000000000116,1324.2000000000116,599.5,1886.100000000035,6181.0,548.0,634.3300000000017
2016-09-20,990.2000000000116,1296.5999999999767,607.7000000000116,1865.2000000000116,6139.0,591.0999999999767,591.0500000000029
2016-09-21,992.7999999999884,1315.8000000000466,616.7999999999884,1842.7999999999884,5935.0,521.0,461.9599999999991
2016-09-22,1056.2999999999884,1203.2000000000116,578.0999999999767,1785.0,5954.0,681.8000000000466,453.2299999999959
2016-09-23,940.0999999999767,1197.7000000000116,504.69999999998254,1573.0,5569.0,803.2999999999884,359.90000000000146
2016-09-24,714.1000000000349,346.6000000000349,181.40000000002328,529.9000000000233,2016.0,288.4000000000233,0.6599999999962165
2016-09-25,712.2000000000116,316.29999999998836,179.19999999998254,590.2999999999884,2061.0,308.9000000000233,0.6299999999973807
2016-09-26,1111.7000000000116,1211.7000000000116,554.5999999999767,1601.2000000000116,5198.0,451.1000000000349,82.69000000000233
2016-09-27,961.2999999999884,1184.4000000000233,568.2999999999884,1742.899999999965,5336.0,492.4000000000233,227.7699999999968
2016-09-28,975.9000000000233,1069.0,558.0,1725.0,4978.0,460.79999999998836,21.729999999995925
2016-09-29,1097.0999999999767,1152.5,562.0,1612.2999999999884,5086.0,467.8999999999651,44.94000000000233
2016-09-30,1087.399999999965,1229.600000000035,544.3999999999942,1537.1999999999534,5682.0,1108.7000000000116,25.75
2016-10-01,497.8999999999651,222.80000000004657,143.69999999998254,388.9000000000233,1539.0,319.5999999999767,0.3699999999953434
Metasys File,2016 Q3 - Electric & Gas.csv,Report Format,Summary,Time Period,Full Day,Start Time,05:00
Kitchen + Emergency (kWh),Energy.AHS_N1-DE-ATS-Energy-kWh (Trend1),Gymm (kWh),Energy.AHS_N1-DG-kWh-Energy (Trend1),PlugLoad (kWh),Energy.AHS_N1-DHB - kWh Total (Trend1),Lighting (kWh),Energy.AHS_N1-DL-Energy-kWh (Trend1),AHS-Main (kWh),Energy.AHS_N1-Main-kWh-Energy (Trend1),Colins (kWh),Energy.CollinCtr-Energy-kWh (Trend1),Chillers (kWh),Energy.M1-kWh-Energy (Trend1)
e40ca65f70b150811f5ad7970277669c