Usage statistics start at 05:00 each day
,Kitchen + Emergency (kWh),Gymm (kWh),PlugLoad (kWh),Lighting (kWh),AHS-Main (kWh),Colins (kWh),Chillers (kWh)
2015-12-31,299.5,385.29999999998836,203.91999999999825,224.29999999998836,1307.0,206.70000000001164,0.11000000000058208
2016-01-01,1011.8000000000175,999.0,326.1000000000058,554.2000000000116,3401.0,558.2999999999884,0.3099999999976717
2016-01-02,1098.0,1077.5,305.08000000000175,555.7000000000116,3492.0,506.79999999998836,0.36999999999898137
2016-01-03,1019.7000000000116,1080.0,193.04999999998836,565.7999999999884,3815.0,1008.3000000000029,0.3500000000021828
2016-01-04,1661.3999999999942,1866.2000000000116,583.1800000000076,1656.7999999999884,7238.0,1414.3999999999942,0.0
2016-01-05,1659.5,1712.6000000000058,560.3500000000058,1617.3999999999942,6911.0,1396.9000000000087,0.0
2016-01-06,1533.8999999999942,1850.6000000000058,591.2200000000012,1604.1000000000058,6894.0,1309.5,0.38000000000101863
2016-01-07,1537.0999999999767,1744.7999999999884,626.3099999999977,1619.3999999999942,6593.0,1043.3999999999942,0.3599999999969441
2016-01-08,1272.5999999999767,1754.2000000000116,533.5500000000029,1528.2000000000116,6527.0,1410.199999999997,0.38000000000101863
2016-01-09,715.1000000000058,994.0999999999767,191.3799999999901,582.2999999999884,4261.0,1829.0,0.31999999999970896
2016-01-10,664.7000000000116,1144.2999999999884,196.92999999999302,573.2000000000116,3485.0,946.8000000000029,0.5599999999976717
2016-01-11,1585.6999999999825,1741.6000000000058,567.3300000000017,1580.1999999999825,6363.0,864.2999999999884,0.1500000000014552
2016-01-12,1556.0,1832.3000000000175,591.8600000000006,1581.7000000000116,6701.0,1116.800000000003,0.23999999999796273
2016-01-13,1588.2999999999884,1321.2999999999884,585.7900000000081,1599.2999999999884,6457.0,1335.5,0.07000000000334694
2016-01-14,1617.1000000000058,1337.2000000000116,586.6500000000087,1562.7999999999884,6388.0,1254.1000000000058,0.13999999999941792
2016-01-15,1356.3999999999942,1587.6999999999825,542.0200000000041,1602.1000000000058,6265.0,1142.300000000003,0.3400000000001455
2016-01-16,1096.2000000000116,858.8999999999942,229.47000000000116,598.7000000000116,3195.0,461.0,0.19999999999708962
2016-01-17,1145.5,1005.0,235.35000000000582,603.5,3499.0,567.0999999999913,0.18000000000029104
2016-01-18,1224.7999999999884,932.6999999999825,237.11000000000058,604.3000000000175,3930.0,997.0999999999913,0.030000000002473826
2016-01-19,1652.3999999999942,1586.6000000000058,561.6500000000087,1593.5999999999767,6879.0,1514.7999999999884,0.0
2016-01-20,1594.3999999999942,1401.6000000000058,563.6900000000023,1607.5999999999767,6551.0,1344.6000000000058,0.09999999999854481
2016-01-21,1621.5,1250.1000000000058,557.7900000000081,1611.3999999999942,6197.0,1137.699999999997,0.13000000000101863
2016-01-22,1598.0,1411.2000000000116,533.8300000000017,1552.0999999999767,6005.0,930.6999999999971,0.09000000000014552
2016-01-23,1248.6000000000058,966.0,232.44000000000233,630.0,3866.0,852.6000000000058,0.0
2016-01-24,1177.3999999999942,959.0,216.0,775.5,3702.0,634.0,0.2599999999983993
2016-01-25,1551.7000000000116,1227.6000000000058,531.4199999999983,1513.1000000000058,5813.0,999.9999999999854,0.37000000000261934
2016-01-26,1216.2000000000116,1353.7000000000116,560.4400000000023,1421.8999999999942,5553.0,1006.1000000000058,0.7099999999991269
2016-01-27,1381.6000000000058,1229.5999999999767,492.0399999999936,1347.5,5192.0,742.3999999999942,0.47000000000116415
2016-01-28,1458.3999999999942,1289.7999999999884,563.7299999999959,1621.0,5820.0,851.5999999999767,0.47999999999956344
2016-01-29,1378.5,1242.1000000000058,507.5899999999965,1297.3000000000175,5435.0,958.2999999999884,0.4000000000014552
2016-01-30,1239.3999999999942,1041.3000000000175,199.88000000000466,693.8999999999942,3366.0,239.40000000002328,0.6199999999989814
2016-01-31,1092.1000000000058,1179.2999999999884,200.6999999999971,663.8999999999942,3674.0,584.3000000000175,0.75
2016-02-01,1163.7000000000116,1235.8000000000175,558.1399999999994,1598.1000000000058,5231.0,621.4000000000233,11.150000000001455
2016-02-02,1370.6000000000058,1193.0,548.25,1616.6000000000058,5958.0,1180.1000000000058,0.5099999999983993
2016-02-03,1243.7000000000116,1239.1000000000058,620.8500000000058,1659.0,5726.0,891.3999999999942,0.6300000000010186
2016-02-04,1019.6000000000058,1225.6999999999825,591.6399999999994,1619.6000000000058,5109.0,605.6000000000058,0.6599999999998545
2016-02-05,1315.2999999999884,868.2999999999884,355.86999999999534,914.3999999999942,4089.0,557.8000000000175,0.08000000000174623
2016-02-06,1119.9000000000233,645.3999999999942,245.13000000000466,665.1999999999825,3677.0,1051.0,0.3400000000001455
2016-02-07,923.8999999999942,735.0,210.4499999999971,609.8999999999942,3130.0,690.0,0.5099999999983993
2016-02-08,1157.6999999999825,756.6999999999825,258.7399999999907,748.2000000000116,3731.0,837.8999999999942,0.0
2016-02-09,1555.3999999999942,1289.3999999999942,543.0899999999965,1618.5,6167.0,1157.0,0.08000000000174623
2016-02-10,1502.0,1245.0,564.4000000000087,1602.8999999999942,5897.0,914.5,0.2599999999983993
2016-02-11,1618.8999999999942,1422.0999999999767,652.8800000000047,1742.6999999999825,6829.0,1316.2999999999884,0.06000000000130967
2016-02-12,1626.1999999999825,1202.2999999999884,493.14000000001397,1518.2000000000116,6409.0,1594.6000000000058,0.06999999999970896
2016-02-13,1353.0,853.7000000000116,196.91999999999825,695.0,4962.0,1942.1000000000058,0.0
2016-02-14,1552.2999999999884,719.0999999999767,201.0,806.1999999999825,5214.0,2026.8999999999942,0.0
2016-02-15,1146.0,646.7999999999884,209.14999999999418,763.8999999999942,3678.0,975.3999999999942,0.029999999998835847
2016-02-16,839.5999999999767,798.2999999999884,291.06999999999243,888.8000000000175,3508.0,741.2999999999884,0.6899999999986903
2016-02-17,1242.0999999999767,537.2999999999884,287.54000000000815,861.2999999999884,3716.0,848.1999999999825,0.3900000000030559
2016-02-18,1333.2000000000116,832.0,323.1499999999942,815.0,4203.0,955.3000000000175,0.17999999999665306
2016-02-19,1125.0,474.1000000000058,271.9499999999971,848.0,3161.0,474.5,0.46000000000276486
2016-02-20,636.1999999999825,372.5,197.92999999999302,705.8999999999942,2240.0,346.3999999999942,0.7199999999975262
2016-02-21,673.5,437.0,218.35000000000582,749.7000000000116,2710.0,659.1000000000058,0.7299999999995634
2016-02-22,1508.5,1181.8999999999942,548.5599999999977,1553.6999999999825,5734.0,950.1000000000058,0.3900000000030559
2016-02-23,1277.3999999999942,1193.8999999999942,549.3099999999977,1648.6999999999825,5757.0,1031.1000000000058,0.37999999999738066
2016-02-24,1273.1999999999825,1123.3000000000175,557.5299999999988,1600.3000000000175,5678.0,1011.8999999999942,0.5400000000008731
2016-02-25,920.1000000000058,1098.4000000000233,534.3500000000058,1622.0,5277.0,980.2000000000116,10.930000000000291
2016-02-26,1482.2999999999884,1112.8999999999942,543.3499999999913,1514.3000000000175,5723.0,968.8000000000175,0.2999999999992724
2016-02-27,1157.5,431.5,229.19000000000233,770.1999999999534,3741.0,1208.7000000000116,0.5200000000004366
2016-02-28,660.3999999999942,508.20000000001164,221.27999999999884,597.4000000000233,2189.0,217.20000000001164,0.7099999999991269
2016-02-29,1125.8999999999942,1312.8999999999942,614.679999999993,1618.100000000035,5263.0,472.70000000001164,6.389999999999418
2016-03-01,1332.2999999999884,1744.7000000000116,555.6499999999942,1605.5,5856.0,498.6000000000058,0.6399999999994179
2016-03-02,1435.2000000000116,1349.3000000000175,561.179999999993,1614.5,5618.0,525.2999999999884,0.31999999999970896
2016-03-03,1580.0,1345.0,618.9899999999907,1606.600000000035,6145.0,926.3999999999942,0.16999999999825377
2016-03-04,1548.2999999999884,1374.7000000000116,542.2700000000041,1532.399999999965,6574.0,1520.8000000000175,0.020000000000436557
2016-03-05,1192.5,481.69999999998254,253.77999999999884,663.5999999999767,4253.0,1723.7000000000116,0.2999999999992724
2016-03-06,1248.6000000000058,534.8999999999942,242.24000000000524,674.3000000000466,4374.0,1737.1000000000058,0.43000000000029104
2016-03-07,1474.6999999999825,1357.1999999999825,575.2299999999959,1604.5,5563.0,498.6000000000058,0.5500000000029104
2016-03-08,1322.1000000000058,1294.6000000000058,605.9800000000105,1650.1999999999534,5672.0,675.0,12.069999999999709
2016-03-09,1251.0,1385.5,574.4599999999919,1694.0999999999767,5861.0,736.2000000000116,119.09999999999854
2016-03-10,1150.0,1364.0,572.0800000000017,1760.2999999999884,5777.0,691.2999999999884,143.11000000000058
2016-03-11,1224.7000000000116,1175.6000000000058,498.4600000000064,1266.5,5617.0,1281.6000000000058,19.739999999997963
2016-03-12,985.8999999999942,323.0,202.4100000000035,606.5,3750.0,1669.6000000000058,0.7200000000011642
2016-03-13,811.6000000000058,421.8999999999942,212.0500000000029,685.7000000000116,3484.0,1377.8000000000175,0.7900000000008731
2016-03-14,1295.3999999999942,1220.1000000000058,550.3000000000029,1573.2999999999884,5346.0,540.8999999999942,0.6799999999966531
2016-03-15,1310.1000000000058,1249.8999999999942,575.4000000000087,1640.0,5742.0,800.3000000000175,0.7299999999995634
2016-03-16,1229.6999999999825,1235.6000000000058,567.5,1636.5,5429.0,561.8999999999942,23.580000000001746
2016-03-17,1209.8000000000175,1243.3999999999942,574.1999999999971,1593.2000000000116,5630.0,788.0999999999767,51.090000000000146
2016-03-18,1391.1999999999825,1139.8000000000175,559.6999999999971,1546.5999999999767,5455.0,648.5999999999767,3.069999999999709
2016-03-19,1270.3000000000175,540.3999999999942,220.1999999999971,886.5999999999767,4251.0,1391.7999999999884,0.4900000000016007
2016-03-20,1100.8999999999942,436.29999999998836,205.5,574.7999999999884,2535.0,251.0,0.4599999999991269
2016-03-21,1058.5,529.0,201.10000000000582,631.6000000000349,3092.0,572.0,0.42000000000189175
2016-03-22,1362.0,1467.1000000000058,542.3999999999942,1578.2000000000116,5608.0,520.2000000000116,0.8999999999978172
2016-03-23,1232.6000000000058,1337.2000000000116,581.0,1691.0,5873.0,876.5,38.400000000001455
2016-03-24,1305.3999999999942,1202.0,558.1000000000058,1547.0,5364.0,607.3000000000175,0.5300000000024738
2016-03-25,933.0,579.6999999999825,236.5,652.9000000000233,2798.0,405.3999999999942,0.5399999999972351
2016-03-26,944.2000000000116,530.0,222.5,547.8000000000466,2748.0,535.6000000000058,0.4400000000023283
2016-03-27,792.5999999999767,359.30000000001746,220.3000000000029,600.4000000000233,2714.0,770.0,0.5900000000001455
2016-03-28,1292.0,1278.6000000000058,557.5,1645.9000000000233,5435.0,536.0,0.5900000000001455
2016-03-29,1343.0,1300.3000000000175,545.5,1595.0999999999767,6025.0,1116.3999999999942,0.5400000000008731
2016-03-30,1236.2999999999884,1259.0,576.1999999999971,1592.0,5605.0,796.0,24.389999999999418
2016-03-31,829.8999999999942,997.7999999999884,480.29999999998836,1382.9000000000233,4403.0,406.20000000001164,150.5799999999981
Metasys File,2016 Q1 - Electric & Gas.csv,Report Format,Summary,Time Period,Full Day,Start Time,05:00
Kitchen + Emergency (kWh),Energy.AHS_N1-DE-ATS-Energy-kWh (Trend1),Gymm (kWh),Energy.AHS_N1-DG-kWh-Energy (Trend1),PlugLoad (kWh),Energy.AHS_N1-DHB - kWh Total (Trend1),Lighting (kWh),Energy.AHS_N1-DL-Energy-kWh (Trend1),AHS-Main (kWh),Energy.AHS_N1-Main-kWh-Energy (Trend1),Colins (kWh),Energy.CollinCtr-Energy-kWh (Trend1),Chillers (kWh),Energy.M1-kWh-Energy (Trend1)
ce69670a7c0cbe6ea39929fcea82a06d