Usage statistics from between 23:00 and 04:00 each day
,AHS - Main  (kWh),Gym (kWh),Plug Load (kWh) ,Lighting (kWh),Kitchen | Emergency (kWh),Chillers (kWh),Collins Center (kWh)
2015-07-30,736.0,,,,,,
2015-07-31,630.0,,,,,,
2015-08-01,626.0,,,,,,
2015-08-02,611.0,,,,,,
2015-08-03,681.0,,,,,,
2015-08-04,682.0,278.35299999999984,60.08250000000004,159.35400000000004,143.84069999999997,0.18680000000006203,44.24770000000001
2015-08-05,891.0,347.21900000000005,128.7983999999999,190.17999999999984,151.79300000000012,4.663999999999987,47.11590000000001
2015-08-06,677.0,287.451,62.21499999999992,139.1519999999996,130.09400000000005,0.12299999999981992,53.742000000000075
2015-08-07,412.0,74.1859999999997,46.912000000000035,103.54399999999987,127.09999999999991,0.17499999999995453,68.02399999999989
2015-08-08,406.0,73.05299999999988,45.34500000000003,102.20200000000023,127.2829999999999,0.18299999999999272,65.2539999999999
2015-08-09,389.0,73.46799999999985,45.45100000000002,102.23099999999977,126.74099999999999,0.14099999999984902,48.4369999999999
2015-08-10,403.0,75.34100000000035,45.84299999999985,108.01699999999983,134.07200000000012,0.16600000000016735,47.16800000000012
2015-08-11,601.0,84.27999999999975,45.615999999999985,223.6949999999997,137.65400000000045,0.11200000000008004,49.041999999999916
2015-08-12,445.0,81.79899999999998,67.40200000000004,109.88400000000001,134.25700000000052,5.5349999999998545,52.94599999999991
2015-08-13,796.0,79.34000000000015,120.42399999999998,129.15800000000036,151.07300000000032,78.14800000000014,253.6780000000008
2015-08-14,635.0,70.84000000000015,50.03200000000015,107.08999999999833,134.85300000000007,0.40000000000009095,284.52000000000044
2015-08-15,626.0,81.08500000000095,44.86400000000049,105.22900000000118,130.91600000000017,0.46900000000005093,275.5540000000001
2015-08-16,610.0,81.20600000000013,44.53699999999935,106.43499999999949,137.67000000000007,0.24899999999979627,251.20199999999932
2015-08-17,654.0,82.03899999999885,45.822000000000116,112.25,143.34799999999996,0.5720000000001164,282.03000000000065
2015-08-18,501.0,89.00799999999981,46.05400000000009,143.88999999999942,166.6900000000005,0.10599999999976717,65.56999999999971
2015-08-19,523.0,101.80999999999949,46.89900000000034,141.42000000000007,178.7599999999984,0.11599999999998545,63.340000000000146
2015-08-20,616.0,88.64999999999964,44.0029999999997,153.95999999999913,148.8000000000011,126.97299999999996,60.07000000000153
2015-08-21,453.0,79.19999999999891,53.68199999999979,123.94000000000051,140.40999999999985,10.690999999999804,51.529999999998836
2015-08-22,427.0,80.17999999999847,44.074000000000524,118.35000000000036,138.5699999999997,0.12299999999959255,54.18999999999869
2015-08-23,437.0,72.84000000000015,42.59100000000035,119.81999999999971,133.63000000000102,16.787000000000262,52.719999999999345
2015-08-24,686.0,100.1299999999992,45.18000000000029,255.6999999999971,148.97999999999956,10.277999999999338,60.86999999999898
2015-08-25,496.0,93.20000000000073,46.5049999999992,147.9300000000003,157.25,0.24000000000069122,60.04000000000087
2015-08-26,663.0,86.0,45.1220000000003,239.3100000000013,138.27000000000044,0.18400000000019645,95.70000000000073
2015-08-27,545.0,86.11999999999898,78.44799999999941,135.5799999999981,146.29000000000087,0.1710000000002765,107.89000000000306
2015-08-28,486.0,102.82999999999993,44.052999999999884,123.72000000000116,129.77999999999884,0.13000000000101863,95.51000000000204
2015-08-29,438.0,86.1200000000008,44.175999999999476,118.77000000000044,135.6700000000019,0.17000000000007276,62.56000000000131
2015-08-30,425.0,83.15999999999985,44.29700000000048,120.78999999999724,137.23999999999796,0.12299999999959255,47.47999999999956
2015-08-31,501.0,142.51999999999862,47.78900000000067,138.86000000000058,127.54999999999927,0.18800000000010186,52.659999999999854
2015-09-01,458.0,99.58000000000175,50.301000000001295,135.25,134.02000000000044,0.17799999999988358,46.109999999996944
2015-09-02,489.0,83.31999999999971,58.43999999999869,165.04999999999927,134.65999999999985,0.11999999999898137,55.79000000000087
2015-09-03,475.0,88.40000000000146,56.31999999999971,146.1800000000003,135.20000000000073,0.10999999999876309,57.13999999999942
2015-09-04,500.0,89.11000000000058,48.5099999999984,158.79999999999927,130.0,0.12999999999919964,43.22999999999956
2015-09-05,568.0,77.04000000000087,48.88999999999942,245.22999999999956,125.7400000000016,0.15999999999985448,42.31999999999971
2015-09-06,579.0,79.79000000000087,48.41000000000167,254.77999999999884,125.85000000000218,0.11000000000058208,41.62999999999738
2015-09-07,599.0,84.56999999999971,49.0,264.6299999999974,131.02999999999884,0.12000000000080036,42.840000000000146
2015-09-08,693.0,82.51000000000204,58.409999999999854,265.1399999999994,139.14999999999782,0.17000000000007276,120.70000000000073
2015-09-09,657.0,88.71999999999753,59.840000000000146,283.41999999999825,148.36000000000058,0.11000000000058208,50.529999999998836
2015-09-10,619.0,94.59000000000015,61.69000000000051,263.0400000000009,130.0500000000029,0.1499999999996362,42.29999999999927
2015-09-11,572.0,83.70000000000073,49.51000000000022,234.87999999999738,135.27999999999884,0.15999999999985448,45.5
2015-09-12,570.0,79.41999999999825,49.89000000000124,237.20999999999913,135.19000000000233,0.1000000000003638,45.030000000002474
2015-09-13,563.0,78.22000000000116,51.5,234.8399999999965,134.9800000000032,0.1499999999996362,41.22999999999956
2015-09-14,555.0,76.34999999999854,52.57000000000153,227.55999999999767,127.66999999999825,0.1000000000003638,47.20999999999913
2015-09-15,582.0,81.68000000000029,63.92999999999665,241.38999999999942,126.12000000000262,0.17000000000007276,44.93000000000029
2015-09-16,591.0,84.61000000000058,65.68999999999869,247.25,129.26000000000204,0.1499999999996362,42.31999999999971
2015-09-17,630.0,89.81000000000495,64.48999999999796,264.48999999999796,140.08000000000175,0.17000000000007276,44.29999999999927
2015-09-18,587.0,74.61000000000058,53.0099999999984,248.5,129.6600000000035,0.15999999999985448,53.66000000000349
2015-09-19,588.0,83.18000000000029,52.109999999996944,250.3000000000029,131.9800000000032,0.17000000000007276,44.62999999999738
2015-09-20,481.0,90.69000000000233,52.14999999999782,142.40000000000146,126.0,0.15999999999985448,40.45999999999913
2015-09-21,503.0,99.62000000000262,60.779999999998836,139.39999999999418,127.30000000000291,0.18000000000029104,46.19000000000233
2015-09-22,505.0,84.02999999999884,58.38000000000102,147.90999999999622,140.12000000000262,0.16999999999825377,45.59000000000378
2015-09-23,470.0,98.48999999999796,60.18000000000029,142.76000000000204,131.5199999999968,0.15999999999985448,46.099999999998545
2015-09-24,457.0,89.63999999999942,60.93999999999869,138.1600000000035,129.36000000000058,0.13000000000101863,46.80000000000291
2015-09-25,466.0,101.92000000000553,53.04999999999927,135.36999999999534,139.48999999999796,0.15999999999985448,44.30999999999767
2015-09-26,507.0,124.92000000000553,52.52000000000044,138.72000000000116,139.65000000000146,0.1499999999978172,60.25
2015-09-27,480.0,104.91999999999825,52.81999999999971,136.14999999999418,139.0899999999965,0.13999999999941792,56.43999999999505
2015-09-28,615.0,85.86000000000058,57.5,260.429999999993,141.8199999999997,0.15999999999985448,44.59000000000378
2015-09-29,625.0,83.04000000000087,61.42000000000189,267.66999999999825,142.08000000000175,0.11999999999898137,45.38999999999942
2015-09-30,530.0,92.4800000000032,57.599999999998545,171.88999999999942,136.64999999999418,0.1500000000014552,43.7699999999968
2015-10-01,515.0,108.41000000000349,57.640000000003056,138.36000000000058,135.63999999999942,0.15999999999985448,46.330000000001746
2015-10-02,505.0,106.59999999999854,48.45000000000073,140.04000000000815,135.20000000000437,0.13999999999941792,46.30999999999767
2015-10-03,514.0,103.41999999999825,49.05000000000291,134.07000000000698,150.6999999999971,0.12999999999738066,48.9800000000032
2015-10-04,519.0,113.62000000000262,48.849999999998545,136.67999999999302,140.40999999999622,0.13999999999941792,51.71999999999389
2015-10-05,582.0,139.44000000000233,57.279999999998836,160.79000000000815,136.59000000000378,0.1500000000014552,61.17000000000553
2015-10-06,552.0,126.13999999999942,57.650000000001455,153.83000000000175,137.1099999999933,0.1500000000014552,51.08999999999651
2015-10-07,534.0,103.43000000000029,58.720000000001164,155.82000000000698,138.8000000000029,0.15999999999985448,49.89999999999418
2015-10-08,553.0,110.55000000000291,60.06000000000131,164.22999999999593,138.58000000000175,0.15999999999985448,52.669999999998254
2015-10-09,571.0,137.52999999999884,46.75,159.50999999999476,137.11999999999534,0.13000000000101863,63.54000000000087
2015-10-10,677.0,163.97999999999593,46.5,133.36000000000058,134.37000000000262,0.18999999999869033,173.13999999999942
2015-10-11,539.0,114.2699999999968,46.529999999998836,131.11000000000058,141.17999999999302,0.13999999999941792,80.23999999999796
2015-10-12,492.0,106.31999999999971,46.590000000000146,126.25,138.15999999999622,0.17000000000189175,48.06999999999971
2015-10-13,590.0,88.05000000000291,58.30000000000291,232.11999999999534,138.95999999999913,0.15999999999985448,47.62999999999738
2015-10-14,634.0,191.09000000000378,56.61000000000058,157.7899999999936,133.8000000000029,0.15999999999985448,69.54000000000087
2015-10-15,636.0,190.51000000000204,57.099999999998545,153.7600000000093,147.11000000000058,0.15999999999985448,62.12999999999738
2015-10-16,586.0,163.61000000000058,56.470000000001164,145.13000000000466,141.25,0.09999999999854481,52.90999999999622
2015-10-17,613.0,155.60000000000582,56.75,141.6999999999971,162.1999999999971,0.11000000000058208,71.86000000000058
2015-10-18,725.0,152.75,57.650000000001455,139.39999999999418,240.1999999999971,0.0,113.97000000000116
2015-10-19,576.0,112.09000000001106,60.55999999999767,157.59999999999127,134.37999999999738,0.16999999999825377,85.99000000000524
2015-10-20,590.0,157.35000000000582,60.18000000000029,149.59999999999127,131.38000000000466,0.13999999999941792,66.63999999999942
2015-10-21,525.0,105.94000000000233,58.41000000000349,136.6999999999971,138.35000000000582,0.13000000000101863,58.69999999999709
2015-10-22,517.0,98.91999999999825,60.12999999999738,144.0,134.25,0.1500000000014552,52.849999999998545
2015-10-23,670.0,144.38999999999942,50.86000000000058,134.6999999999971,241.90000000000873,0.020000000000436557,76.12999999999738
2015-10-24,574.0,153.11000000000058,50.19000000000233,133.8000000000029,128.88999999999942,0.1499999999978172,82.75
2015-10-25,539.0,132.02999999999884,50.2100000000064,133.8000000000029,129.00999999999476,0.1499999999978172,67.86999999999534
2015-10-26,771.0,189.86000000000058,59.080000000001746,152.8000000000029,254.72000000000116,0.0,93.96999999999389
2015-10-27,739.0,229.58000000000175,58.40999999999622,160.59999999999127,173.38000000000466,0.08000000000174623,93.80000000000291
2015-10-28,490.0,76.69000000000233,58.95999999999913,139.8000000000029,133.38999999999942,0.11000000000058208,54.299999999995634
2015-10-29,544.0,112.57000000000698,57.979999999995925,159.60000000000582,137.5500000000029,0.16999999999825377,51.18000000000029
2015-10-30,724.0,234.27999999999884,50.23999999999796,140.5,174.91999999999825,0.07999999999810825,101.88999999999942
2015-10-31,655.0,162.69000000000233,59.44000000000233,163.8000000000029,165.22000000000116,0.16999999999825377,74.05999999999767
2015-11-01,551.0,150.41999999999825,49.419999999998254,132.5,128.1999999999971,0.1500000000014552,65.36000000000058
2015-11-02,608.0,170.07000000000698,58.55999999999767,151.0,134.2100000000064,0.13999999999941792,69.01000000000204
2015-11-03,535.0,111.11000000000058,58.44000000000233,144.6999999999971,133.16999999999825,0.1400000000030559,59.92000000000553
2015-11-04,595.0,162.2100000000064,59.450000000004366,153.60000000000582,133.63999999999942,0.15999999999985448,59.61999999999534
2015-11-05,519.0,76.98000000001048,65.69000000000233,159.1999999999971,137.73000000001048,0.11000000000058208,52.63999999999942
2015-11-06,464.0,69.51000000000931,50.0399999999936,136.3000000000029,129.80999999999767,0.11000000000058208,49.83999999999651
2015-11-07,551.0,144.58000000000175,50.140000000006694,138.60000000000582,136.5,0.13999999999941792,55.76000000000204
2015-11-08,686.0,145.70999999999185,49.81999999999971,135.90000000000873,248.97000000000116,0.010000000002037268,83.20999999999913
2015-11-09,611.0,160.75,55.7699999999968,156.5,136.3000000000029,0.07999999999810825,76.48999999999796
2015-11-10,621.0,189.09000000001106,57.55999999999767,152.5,135.25,0.11999999999898137,61.91000000000349
2015-11-11,602.0,175.6600000000035,57.05000000000291,148.89999999999418,131.20999999999185,0.13999999999941792,64.66000000000349
2015-11-12,548.0,108.92999999999302,54.36000000000058,155.10000000000582,141.75,0.13000000000101863,62.30999999999767
2015-11-13,581.0,178.30999999999767,49.5199999999968,130.30000000001746,132.41999999999825,0.17000000000189175,65.93000000000757
2015-11-14,673.0,125.45999999999185,49.80999999999767,127.60000000000582,255.25,0.0,95.41999999999825
2015-11-15,617.0,151.89999999999418,49.69000000000233,127.20000000001164,184.69000000000233,0.059999999997671694,81.36999999999534
2015-11-16,694.0,169.0,56.229999999995925,142.79999999998836,231.64999999999418,0.039999999997235136,74.05000000000291
2015-11-17,713.0,142.0,57.06999999999971,150.5,253.11000000000058,0.0,96.09000000001106
2015-11-18,569.0,116.10000000000582,54.830000000001746,158.29999999998836,134.3700000000099,0.13000000000101863,79.41999999999825
2015-11-19,505.0,85.89999999999418,55.5,143.20000000001164,139.31999999999243,0.13999999999941792,55.80999999999767
2015-11-20,564.0,149.0,52.669999999998254,139.29999999998836,131.19000000000233,0.1500000000014552,65.98999999999069
2015-11-21,664.0,112.89999999999418,52.84000000000378,137.5,249.57000000000698,0.00999999999839929,90.84000000001106
2015-11-22,557.0,147.70000000001164,52.05000000000291,136.5,124.94999999999709,0.09000000000014552,71.13999999999942
2015-11-23,701.0,126.5,55.549999999995634,153.10000000000582,259.1000000000058,0.0,93.20000000001164
2015-11-24,738.0,160.8000000000029,55.669999999998254,147.60000000000582,263.6999999999971,0.0,127.63999999999942
2015-11-25,655.0,151.3000000000029,47.55000000000291,129.0,242.3000000000029,0.059999999997671694,92.66999999999825
2015-11-26,520.0,145.39999999999418,47.16000000000349,128.29999999998836,133.29999999998836,0.13000000000101863,68.33000000000175
2015-11-27,425.0,64.39999999999418,47.30000000000291,123.10000000000582,135.09999999999127,0.11999999999898137,56.0399999999936
2015-11-28,652.0,146.09999999999127,47.520000000004075,130.0,233.5,0.049999999999272404,100.90000000000873
2015-11-29,748.0,175.20000000001164,46.720000000001164,128.0,248.40000000000873,0.0,158.08000000000175
2015-11-30,712.0,155.8000000000029,53.2300000000032,147.10000000000582,255.89999999999418,0.0,107.40999999998894
2015-12-01,583.0,161.3000000000029,55.270000000004075,148.5,136.10000000000582,0.07999999999810825,86.43999999998778
2015-12-02,542.0,139.89999999999418,56.580000000001746,149.5,137.20000000001164,0.18000000000029104,62.35000000000582
2015-12-03,544.0,154.39999999999418,47.04000000000087,134.0,144.90000000000873,0.10000000000218279,66.59999999999127
2015-12-04,627.0,132.8000000000029,46.80000000000291,129.5,229.6999999999971,0.020000000000436557,94.88000000000466
2015-12-05,650.0,152.5,48.18000000000029,129.79999999998836,224.3000000000029,0.00999999999839929,101.60000000000582
2015-12-06,688.0,172.90000000000873,46.93000000000029,130.0,231.3000000000029,0.029999999998835847,114.35000000000582
2015-12-07,620.0,181.5,54.73999999999796,154.69999999998254,132.5,0.07999999999810825,100.36999999999534
2015-12-08,576.0,149.09999999999127,55.73999999999796,150.70000000001164,129.6999999999971,0.059999999997671694,94.09000000001106
2015-12-09,549.0,142.5,61.66000000000349,152.10000000000582,140.5,0.1099999999969441,56.08999999999651
2015-12-10,557.0,169.29999999998836,52.4800000000032,149.29999999998836,138.1999999999971,0.15999999999985448,52.169999999998254
2015-12-11,518.0,146.0,44.330000000001746,126.29999999998836,129.6999999999971,0.13000000000101863,74.98000000001048
2015-12-12,498.0,111.29999999998836,43.98999999999796,125.90000000002328,138.3000000000029,0.12999999999738066,82.81999999999243
2015-12-13,509.0,149.90000000002328,44.099999999998545,123.29999999998836,138.5,0.15999999999985448,57.020000000004075
2015-12-14,514.0,137.10000000000582,50.06999999999971,145.89999999999418,137.3000000000029,0.13000000000101863,46.330000000001746
2015-12-15,548.0,169.19999999998254,52.020000000004075,142.89999999999418,140.5,0.11000000000058208,46.51999999998952
2015-12-16,552.0,188.79999999998836,52.48999999999796,138.10000000000582,132.60000000000582,0.13999999999941792,43.55999999999767
2015-12-17,495.0,109.89999999999418,52.650000000001455,148.0,141.3000000000029,0.13000000000101863,46.88999999999942
2015-12-18,591.0,197.39999999999418,41.0,122.39999999999418,186.39999999999418,0.06000000000130967,50.33999999999651
2015-12-19,685.0,160.20000000001164,41.06999999999971,119.10000000000582,234.1999999999971,0.0,139.86999999999534
2015-12-20,639.0,176.0,40.90999999999622,119.40000000002328,235.8000000000029,0.0,75.13000000000466
2015-12-21,502.0,104.39999999999418,48.95999999999913,136.40000000002328,133.39999999999418,0.12999999999738066,82.00999999999476
2015-12-22,559.0,168.5,51.330000000001746,140.0,130.60000000000582,0.13000000000101863,73.09999999999127
2015-12-23,487.0,115.5,39.76000000000931,121.39999999999418,134.60000000000582,0.11000000000058208,78.40000000000873
2015-12-24,460.0,128.29999999998836,39.7899999999936,116.5,132.5,0.12000000000261934,45.39999999999418
2015-12-25,512.0,167.20000000001164,52.69999999999709,116.60000000000582,131.5,0.13000000000101863,47.39999999999418
2015-12-26,513.0,167.39999999999418,51.69999999999709,116.90000000002328,133.89999999999418,0.1499999999978172,46.59999999999127
2015-12-27,607.0,177.5,52.11000000000058,119.5,223.70000000001164,0.059999999997671694,41.5
2015-12-28,697.0,168.60000000000582,52.93000000000757,116.29999999998836,251.89999999999418,0.0,116.90000000000873
2015-12-29,730.0,208.80000000001746,41.78000000001339,111.0,262.3999999999942,0.0,117.89999999999418
2015-12-30,725.0,220.79999999998836,41.970000000001164,113.0,246.80000000001746,0.06000000000130967,113.39999999999418
2015-12-31,645.0,176.39999999999418,105.19000000000233,113.60000000000582,150.39999999999418,0.06000000000130967,105.20000000001164
2016-01-01,684.0,206.10000000000582,39.529999999998836,109.79999999998836,240.89999999999418,0.040000000000873115,99.69999999999709
2016-01-02,709.0,211.80000000001746,39.5399999999936,110.0,244.70000000001164,0.049999999999272404,113.19999999999709
2016-01-03,778.0,203.10000000000582,39.20999999999185,114.39999999999418,241.0,0.0,192.0
2016-01-04,986.0,217.70000000001164,48.69000000000233,128.5,254.10000000000582,0.0,349.90000000000873
2016-01-05,919.0,177.80000000001746,47.779999999998836,139.0,253.79999999998836,0.0,314.5
2016-01-06,832.0,226.80000000001746,56.220000000001164,129.10000000000582,238.20000000001164,0.0,194.60000000000582
2016-01-07,736.0,215.89999999999418,47.4600000000064,123.69999999998254,232.10000000000582,0.0,128.1999999999971
2016-01-08,689.0,178.39999999999418,39.479999999995925,120.0,127.5,0.11000000000058208,231.10000000000582
2016-01-09,563.0,186.80000000001746,41.870000000009895,120.10000000000582,130.0,0.049999999999272404,89.30000000000291
2016-01-10,537.0,209.10000000000582,40.85000000000582,117.59999999997672,133.10000000000582,0.10000000000218279,42.0
2016-01-11,823.0,217.59999999997672,44.20999999999185,121.69999999998254,247.09999999997672,0.0,203.0
2016-01-12,744.0,223.79999999998836,45.029999999998836,130.10000000000582,230.0,0.0,125.59999999999127
2016-01-13,667.0,80.70000000001164,47.13999999999942,128.39999999999418,242.59999999997672,0.0,177.0
2016-01-14,756.0,117.10000000000582,45.169999999998254,127.20000000001164,248.0,0.0,228.60000000000582
2016-01-15,601.0,190.30000000001746,48.38999999999942,125.70000000001164,195.70000000001164,0.059999999997671694,49.30000000000291
2016-01-16,678.0,175.0,47.86999999999534,123.09999999997672,240.0,0.01999999999679858,103.10000000000582
2016-01-17,708.0,175.79999999998836,49.879999999990105,120.5,246.60000000000582,0.0,127.19999999999709
2016-01-18,878.0,184.30000000001746,49.919999999998254,123.59999999997672,264.0,0.0,270.3000000000029
2016-01-19,839.0,186.60000000000582,46.05000000000291,129.29999999998836,249.40000000002328,0.0,241.60000000000582
2016-01-20,650.0,125.89999999999418,48.50999999999476,131.0,244.30000000001746,0.0,111.30000000000291
2016-01-21,667.0,81.0,45.19000000000233,129.0,252.60000000000582,0.0,169.5
2016-01-22,656.0,124.5,43.4600000000064,119.0,249.70000000001164,0.0,130.3000000000029
2016-01-23,734.0,178.39999999999418,43.61000000000058,126.29999999998836,252.40000000002328,0.0,146.09999999999127
2016-01-24,712.0,144.89999999999418,44.05000000000291,153.79999999998836,252.70000000001164,0.00999999999839929,128.6999999999971
2016-01-25,531.0,80.20000000001164,46.920000000012806,131.5,231.70000000001164,0.0,49.10000000000582
2016-01-26,426.0,83.5,44.26000000000931,123.89999999999418,128.29999999998836,0.18999999999869033,48.30000000001746
2016-01-27,534.0,84.30000000001746,45.11999999999534,124.70000000001164,233.10000000000582,0.0,54.70000000001164
2016-01-28,529.0,82.20000000001164,47.86000000000058,127.80000000001746,232.79999999998836,0.06999999999970896,44.89999999999418
2016-01-29,489.0,92.10000000000582,42.36000000000058,122.19999999998254,187.39999999999418,0.06999999999970896,49.29999999998836
2016-01-30,435.0,83.09999999997672,42.5399999999936,119.0,140.0,0.1099999999969441,52.5
2016-01-31,484.0,150.10000000000582,42.45999999999185,116.30000000001746,133.59999999997672,0.13999999999941792,45.29999999998836
2016-02-01,502.0,82.39999999999418,46.30000000000291,130.69999999998254,201.40000000002328,0.07999999999810825,46.0
2016-02-02,529.0,77.60000000000582,46.58999999999651,132.60000000000582,232.89999999999418,0.07999999999810825,45.79999999998836
2016-02-03,444.0,73.89999999999418,54.64999999999418,130.5,140.89999999999418,0.11999999999898137,45.70000000001164
2016-02-04,439.0,82.29999999998836,44.36999999999534,131.79999999998836,138.20000000001164,0.12000000000261934,45.10000000000582
2016-02-05,677.0,76.70000000001164,43.939999999987776,125.59999999997672,245.29999999998836,0.0,195.09999999997672
2016-02-06,577.0,108.39999999999418,45.11000000000058,127.60000000000582,235.90000000002328,0.0,68.39999999999418
2016-02-07,537.0,105.5,43.93000000000757,126.20000000001164,176.70000000001164,0.06999999999970896,90.5
2016-02-08,757.0,173.30000000001746,53.86999999999534,144.89999999999418,234.0,0.0,162.5
2016-02-09,581.0,91.89999999999418,43.15000000000873,129.60000000000582,236.39999999999418,0.0,89.20000000001164
2016-02-10,529.0,80.80000000001746,48.01000000000931,129.89999999999418,225.5,0.0,51.60000000000582
2016-02-11,711.0,165.19999999998254,47.029999999998836,126.60000000000582,245.89999999999418,0.0,137.5
2016-02-12,663.0,85.5,40.279999999998836,121.80000000001746,267.3999999999942,0.0,157.30000000001746
2016-02-13,802.0,190.60000000000582,43.30000000000291,117.29999999998836,263.20000000001164,0.0,200.70000000001164
2016-02-14,836.0,156.5,42.020000000004075,175.69999999998254,278.4000000000233,0.0,196.60000000000582
2016-02-15,564.0,100.39999999999418,43.99000000000524,152.70000000001164,221.5,0.0,53.5
2016-02-16,588.0,168.79999999998836,44.179999999993015,150.59999999997672,184.39999999999418,0.09999999999854481,48.5
2016-02-17,593.0,95.79999999998836,41.2899999999936,157.30000000001746,247.29999999998836,0.0,61.89999999999418
2016-02-18,670.0,139.39999999999418,41.36000000000058,146.29999999998836,267.0,0.0,87.69999999998254
2016-02-19,625.0,116.79999999998836,41.11000000000058,148.10000000000582,243.5,0.049999999999272404,85.69999999998254
2016-02-20,442.0,76.0,42.129999999990105,146.60000000000582,129.39999999999418,0.12999999999738066,52.0
2016-02-21,482.0,88.40000000002328,44.24000000000524,148.29999999998836,156.79999999998836,0.11999999999898137,49.0
2016-02-22,553.0,79.30000000001746,43.44000000000233,135.0,247.5,0.0,55.69999999998254
2016-02-23,438.0,79.20000000001164,43.970000000001164,131.59999999997672,133.39999999999418,0.049999999999272404,52.20000000001164
2016-02-24,429.0,67.5,45.979999999995925,130.70000000001164,135.29999999998836,0.1499999999978172,51.90000000002328
2016-02-25,431.0,79.69999999998254,47.13000000000466,127.0,131.09999999997672,0.11000000000058208,48.39999999999418
2016-02-26,508.0,82.39999999999418,48.75999999999476,114.19999999995343,217.0,0.0,52.19999999998254
2016-02-27,538.0,75.19999999998254,45.870000000009895,118.70000000001164,213.70000000001164,0.09000000000014552,91.10000000000582
2016-02-28,415.0,74.0,47.229999999995925,119.0,133.89999999999418,0.12999999999738066,43.69999999998254
2016-02-29,482.0,125.70000000001164,45.55000000000291,131.29999999998836,137.80000000001746,0.15999999999985448,45.5
2016-03-01,611.0,233.70000000001164,49.41000000000349,134.20000000001164,153.10000000000582,0.15999999999985448,46.39999999999418
2016-03-02,580.0,87.30000000001746,48.36999999999534,128.09999999997672,244.0,0.0,80.5
2016-03-03,616.0,143.20000000001164,49.63000000000466,140.59999999997672,240.79999999998836,0.0,50.20000000001164
2016-03-04,611.0,99.09999999997672,46.919999999998254,116.10000000003492,238.5,0.0,118.20000000001164
2016-03-05,606.0,92.69999999998254,48.0399999999936,114.90000000002328,261.69999999998254,0.0,97.70000000001164
2016-03-06,650.0,91.60000000000582,48.279999999998836,124.29999999998836,271.8999999999942,0.0,124.0
2016-03-07,596.0,117.69999999998254,49.570000000006985,130.39999999996508,259.5,0.010000000002037268,48.10000000000582
2016-03-08,494.0,80.5,49.61000000000058,139.79999999998836,180.39999999999418,0.13999999999941792,47.5
2016-03-09,532.0,121.29999999998836,51.38999999999942,134.59999999997672,176.79999999998836,0.18000000000029104,52.40000000002328
2016-03-10,482.0,85.59999999997672,47.24000000000524,123.70000000001164,182.5,0.12000000000261934,46.60000000000582
2016-03-11,552.0,95.60000000000582,45.020000000004075,114.20000000001164,231.79999999998836,0.049999999999272404,71.30000000001746
2016-03-12,469.0,65.0,36.179999999993015,98.09999999997672,161.5,0.13999999999941792,111.60000000000582
2016-03-13,463.0,75.79999999998836,45.14999999999418,115.79999999998836,138.59999999997672,0.16999999999825377,89.70000000001164
2016-03-14,453.0,78.10000000000582,45.30000000000291,123.59999999997672,155.20000000001164,0.13000000000101863,50.79999999998836
2016-03-15,465.0,82.80000000001746,49.89999999999418,133.29999999998836,154.5,0.1499999999978172,48.10000000000582
2016-03-16,452.0,79.5,46.89999999999418,125.29999999998836,156.60000000000582,0.13000000000101863,46.30000000001746
2016-03-17,448.0,75.89999999999418,47.29999999998836,126.0,157.89999999999418,0.1500000000014552,44.0
2016-03-18,544.0,86.5,44.30000000000291,113.79999999998836,256.3999999999942,0.029999999998835847,50.30000000001746
2016-03-19,723.0,93.0,43.5,154.90000000002328,291.80000000001746,0.0,150.10000000000582
2016-03-20,547.0,84.09999999997672,42.89999999999418,113.90000000002328,261.80000000001746,0.020000000000436557,52.80000000001746
2016-03-21,615.0,115.0,41.60000000000582,127.29999999998836,268.5,0.010000000002037268,48.29999999998836
2016-03-22,560.0,170.39999999999418,47.59999999999127,132.20000000001164,165.0,0.15999999999985448,50.10000000000582
2016-03-23,489.0,107.89999999999418,47.5,131.09999999997672,157.5,0.13999999999941792,48.60000000000582
2016-03-24,446.0,78.89999999999418,44.59999999999127,116.90000000002328,158.39999999999418,0.09999999999854481,50.39999999999418
2016-03-25,470.0,91.0,46.59999999999127,118.39999999996508,167.10000000000582,0.12999999999738066,51.39999999999418
2016-03-26,540.0,86.39999999999418,45.80000000000291,114.5,248.70000000001164,0.0,51.10000000000582
2016-03-27,439.0,82.79999999998836,46.29999999998836,116.89999999996508,150.70000000001164,0.09999999999854481,46.0
2016-03-28,465.0,83.10000000000582,45.69999999999709,133.89999999996508,155.5,0.11000000000058208,51.0
2016-03-29,530.0,102.89999999999418,43.60000000000582,123.10000000003492,214.30000000001746,0.06000000000130967,51.89999999999418
2016-03-30,497.0,119.20000000001164,48.90000000000873,124.60000000003492,157.5,0.11999999999898137,51.5
2016-03-31,471.0,63.5,50.19999999999709,133.59999999997672,165.0,0.13999999999941792,61.60000000000582
2016-04-01,524.0,82.0,41.30000000000291,118.90000000002328,162.90000000002328,0.1499999999978172,122.89999999999418
2016-04-02,483.0,78.5,39.60000000000582,116.70000000001164,156.79999999998836,0.12999999999738066,93.60000000000582
2016-04-03,628.0,90.60000000000582,39.90000000000873,124.29999999998836,247.0,0.0,133.60000000000582
2016-04-04,573.0,93.89999999999418,43.60000000000582,135.70000000001164,256.5000000000291,0.0,51.89999999999418
2016-04-05,616.0,97.20000000001164,45.89999999999418,134.5,277.1000000000349,0.0,70.70000000001164
2016-04-06,486.0,108.60000000000582,45.80000000000291,134.60000000003492,146.70000000001164,0.12999999999738066,53.89999999999418
2016-04-07,487.0,131.20000000001164,47.19999999999709,125.79999999998836,135.0,0.15999999999985448,51.0
2016-04-08,518.0,82.29999999998836,42.40000000000873,112.0,234.79999999998836,0.040000000000873115,52.39999999999418
2016-04-09,526.0,87.0,41.10000000000582,109.89999999996508,245.39999999996508,0.040000000000873115,48.89999999999418
2016-04-10,522.0,77.89999999996508,40.19999999999709,113.19999999995343,139.40000000002328,0.16999999999825377,155.5
2016-04-11,533.0,106.0,45.09999999999127,131.30000000004657,136.59999999997672,0.17000000000189175,117.5
2016-04-12,718.0,79.70000000001164,46.09999999999127,132.5,238.90000000002328,0.029999999998835847,232.20000000001164
2016-04-13,728.0,124.40000000002328,43.90000000000873,126.5,255.70000000001164,0.05000000000291038,188.39999999999418
2016-04-14,552.0,85.29999999998836,47.5,128.39999999996508,251.59999999997672,0.020000000000436557,45.80000000001746
2016-04-15,414.0,76.60000000003492,40.19999999999709,110.09999999997672,134.59999999997672,0.13999999999941792,53.5
2016-04-16,491.0,84.60000000003492,42.09999999999127,112.5,211.40000000002328,0.05000000000291038,46.0
2016-04-17,411.0,77.69999999995343,39.89999999999418,113.09999999997672,138.40000000002328,0.13999999999941792,44.20000000001164
2016-04-18,411.0,76.0,40.30000000000291,110.5,139.90000000002328,0.1500000000014552,45.70000000001164
2016-04-19,466.0,76.09999999997672,75.0,116.60000000003492,155.5,0.11000000000058208,45.0
2016-04-20,490.0,73.0,75.40000000000873,113.59999999997672,181.5,0.06999999999970896,49.69999999998254
2016-04-21,387.0,55.100000000034925,41.19999999999709,114.79999999998836,135.0,0.09999999999854481,50.0
2016-04-22,539.0,67.79999999998836,39.09999999999127,133.59999999997672,155.5,0.11999999999898137,154.39999999999418
2016-04-23,405.0,82.29999999998836,40.0,110.0,135.20000000001164,0.13999999999941792,47.20000000001164
2016-04-24,416.0,86.79999999998836,39.5,112.90000000002328,136.0,0.07999999999810825,51.30000000001746
2016-04-25,423.0,90.40000000002328,45.59999999999127,117.0,133.5,0.13999999999941792,46.40000000002328
2016-04-26,579.0,133.0,43.89999999999418,126.80000000004657,244.5,0.040000000000873115,46.39999999999418
2016-04-27,447.0,93.10000000003492,44.59999999999127,124.20000000001164,143.80000000004657,0.11999999999898137,51.10000000000582
2016-04-28,475.0,132.40000000002328,44.89999999999418,121.89999999996508,141.70000000001164,0.13000000000101863,45.69999999998254
2016-04-29,428.0,97.20000000001164,42.0,111.29999999998836,140.59999999997672,0.13999999999941792,47.39999999999418
2016-04-30,411.0,80.20000000001164,42.09999999999127,111.69999999995343,141.30000000004657,0.12999999999738066,47.0
2016-05-01,406.0,80.90000000002328,42.59999999999127,110.70000000001164,137.60000000003492,0.11999999999898137,45.39999999999418
2016-05-02,481.0,126.90000000002328,45.40000000000873,123.79999999998836,148.89999999996508,0.13999999999941792,47.0
2016-05-03,458.0,100.60000000003492,41.80000000000291,115.5,143.5,0.1500000000014552,68.69999999998254
2016-05-04,450.0,120.90000000002328,43.89999999999418,111.19999999995343,138.70000000001164,0.13000000000101863,46.60000000000582
2016-05-05,453.0,109.09999999997672,45.39999999999418,114.0,139.40000000002328,0.13000000000101863,56.80000000001746
2016-05-06,443.0,104.79999999998836,41.39999999999418,115.29999999998836,145.29999999998836,0.13999999999941792,51.70000000001164
2016-05-07,471.0,78.79999999998836,40.19999999999709,116.70000000001164,151.40000000002328,0.11999999999898137,106.70000000001164
2016-05-08,401.0,75.5,40.10000000000582,111.40000000002328,141.70000000001164,0.13000000000101863,45.39999999999418
2016-05-09,414.0,92.79999999998836,41.80000000000291,108.60000000003492,139.70000000001164,0.09999999999854481,46.79999999998836
2016-05-10,468.0,130.79999999998836,45.19999999999709,110.70000000001164,144.29999999998836,0.12000000000261934,51.89999999999418
2016-05-11,426.0,90.0,44.30000000000291,111.29999999998836,141.40000000002328,0.1500000000014552,50.10000000000582
2016-05-12,441.0,97.29999999998836,42.80000000000291,115.60000000003492,148.59999999997672,0.10000000000218279,48.20000000001164
2016-05-13,448.0,73.09999999997672,41.5,118.80000000004657,146.0,0.1500000000014552,78.60000000000582
2016-05-14,403.0,62.90000000002328,41.5,114.09999999997672,143.0,0.11000000000058208,51.10000000000582
2016-05-15,419.0,81.30000000004657,41.09999999999127,116.0,142.0,0.13000000000101863,48.30000000001746
2016-05-16,415.0,78.19999999995343,44.30000000000291,115.89999999996508,138.90000000002328,0.13000000000101863,48.20000000001164
2016-05-17,447.0,88.30000000004657,46.39999999999418,118.40000000002328,140.39999999996508,0.1400000000030559,64.0
2016-05-18,469.0,126.0,48.90000000000873,116.39999999996508,141.20000000001164,0.13999999999941792,47.79999999998836
2016-05-19,441.0,90.70000000001164,49.30000000000291,121.70000000001164,144.60000000003492,0.1400000000030559,46.09999999997672
2016-05-20,470.0,119.29999999998836,42.60000000000582,116.5,142.79999999998836,0.12999999999738066,53.29999999998836
2016-05-21,461.0,70.39999999996508,42.0,116.60000000003492,157.60000000003492,0.13999999999941792,79.10000000000582
2016-05-22,410.0,76.59999999997672,41.79999999998836,113.79999999998836,134.70000000001164,0.13000000000101863,47.20000000001164
2016-05-23,421.0,75.90000000002328,41.39999999999418,119.79999999998836,149.30000000004657,0.11000000000058208,45.10000000000582
2016-05-24,446.0,94.90000000002328,44.69999999998254,123.0,142.0,0.12999999999738066,46.29999999998836
2016-05-25,617.0,227.5,43.70000000001164,127.39999999996508,154.29999999998836,0.1500000000014552,52.0
2016-05-26,576.0,131.29999999998836,55.29999999998836,184.0,165.39999999996508,0.13999999999941792,46.60000000000582
2016-05-27,448.0,75.90000000002328,45.89999999999418,118.79999999998836,141.59999999997672,0.1500000000014552,70.0
2016-05-28,493.0,66.89999999996508,45.10000000000582,184.29999999998836,147.5,0.09000000000014552,54.29999999998836
2016-05-29,477.0,78.89999999996508,45.20000000001164,169.5,138.29999999998836,0.12000000000261934,50.29999999998836
2016-05-30,432.0,67.29999999998836,44.60000000000582,133.40000000002328,136.60000000003492,0.09999999999854481,53.89999999999418
2016-05-31,577.0,130.80000000004657,52.0,203.5,139.5,0.15999999999985448,56.60000000000582
2016-06-01,498.0,87.0,48.69999999998254,179.09999999997672,143.19999999995343,0.1499999999978172,45.39999999999418
2016-06-02,469.0,103.5,47.80000000001746,139.79999999998836,138.5,0.11999999999898137,44.40000000002328
2016-06-03,453.0,68.5,41.60000000000582,137.30000000004657,144.40000000002328,0.09999999999854481,66.10000000000582
2016-06-04,488.0,69.09999999997672,40.39999999999418,140.10000000003492,154.79999999998836,0.1499999999978172,89.29999999998836
2016-06-05,100.0,24.400000000023283,8.39999999999418,29.899999999965075,28.800000000046566,0.06000000000130967,9.599999999976717
2016-06-07,514.0,77.5,45.29999999998836,197.20000000001164,150.20000000001164,0.13999999999941792,49.0
2016-06-08,485.0,118.30000000004657,44.89999999999418,134.70000000001164,144.70000000001164,0.15999999999985448,45.70000000001164
2016-06-09,431.0,74.0,46.60000000000582,117.10000000003492,142.29999999998836,0.11999999999898137,54.10000000000582
2016-06-10,454.0,97.09999999997672,46.80000000001746,116.20000000001164,137.90000000002328,0.13999999999941792,66.29999999998836
2016-06-11,416.0,64.29999999998836,45.60000000000582,117.59999999997672,151.30000000004657,0.10000000000218279,47.5
2016-06-12,432.0,77.0,46.0,119.5,149.0,0.1099999999969441,50.60000000000582
2016-06-13,445.0,80.79999999998836,47.90000000002328,131.0,147.20000000001164,0.12000000000261934,49.39999999999418
2016-06-14,465.0,103.70000000001164,46.60000000000582,132.0,143.29999999998836,0.15999999999985448,50.39999999999418
2016-06-15,440.0,85.19999999995343,49.10000000000582,122.30000000004657,147.09999999997672,0.1500000000014552,46.39999999999418
2016-06-16,551.0,120.79999999998836,48.70000000001164,165.20000000001164,151.59999999997672,4.9099999999998545,67.79999999998836
2016-06-17,417.0,73.5,42.5,114.29999999998836,146.5,0.13999999999941792,50.19999999998254
2016-06-18,422.0,63.29999999998836,42.0,114.70000000001164,145.59999999997672,4.119999999998981,59.29999999998836
2016-06-19,397.0,63.199999999953434,42.10000000000582,114.0,142.30000000004657,0.13999999999941792,45.0
2016-06-20,550.0,141.70000000001164,52.89999999999418,173.5,141.79999999998836,0.1500000000014552,51.29999999998836
2016-06-21,532.0,125.59999999997672,44.89999999999418,163.60000000003492,145.39999999996508,0.1499999999978172,64.30000000004657
2016-06-22,433.0,95.59999999997672,42.10000000000582,103.70000000001164,145.09999999997672,0.17000000000189175,53.29999999998836
2016-06-23,399.0,57.90000000002328,35.5,127.79999999998836,139.90000000002328,0.13999999999941792,48.100000000034925
2016-06-24,360.0,63.600000000034925,35.39999999999418,87.29999999998836,133.90000000002328,0.1500000000014552,49.0
2016-06-25,361.0,65.90000000002328,34.20000000001164,88.0,136.10000000003492,0.15999999999985448,45.899999999965075
2016-06-26,400.0,64.79999999998836,35.0,125.30000000004657,137.40000000002328,0.1499999999978172,46.70000000001164
2016-06-27,520.0,158.70000000001164,35.70000000001164,141.70000000001164,145.79999999998836,0.27000000000043656,48.70000000001164
2016-06-28,525.0,162.0,36.5,142.09999999997672,147.09999999997672,0.059999999997671694,49.40000000002328
2016-06-29,676.0,284.0,39.89999999999418,160.0,154.0,5.899999999994179,42.20000000001164
2016-06-30,677.0,280.9000000000233,43.0,165.89999999996508,152.5,3.9799999999959255,42.5
2016-07-01,437.0,61.899999999965075,38.0,158.89999999996508,146.09999999997672,0.10000000000582077,43.29999999998836
2016-07-02,428.0,59.399999999965075,37.60000000000582,156.79999999998836,142.10000000003492,0.059999999997671694,42.59999999997672
2016-07-03,460.0,90.60000000003492,38.30000000001746,158.5,141.70000000001164,0.0900000000037835,42.40000000002328
2016-07-04,458.0,92.10000000003492,37.30000000001746,155.20000000001164,140.80000000004657,0.03999999999359716,43.899999999965075
2016-07-05,662.0,273.79999999998836,40.0,163.79999999998836,145.70000000001164,7.830000000001746,42.59999999997672
2016-07-06,735.0,276.8999999999651,41.70000000001164,151.40000000002328,155.90000000002328,6.620000000002619,43.5
2016-07-07,626.0,247.59999999997672,46.79999999998836,149.09999999997672,147.90000000002328,3.430000000000291,41.79999999998836
2016-07-08,427.0,108.90000000002328,37.70000000001164,106.0,135.5,2.5199999999967986,43.800000000046566
2016-07-09,360.0,63.20000000001164,36.80000000001746,89.70000000001164,135.20000000001164,0.09999999999854481,44.5
2016-07-10,352.0,54.5,36.89999999999418,91.20000000001164,135.70000000001164,0.09999999999854481,43.899999999965075
2016-07-11,380.0,61.20000000001164,38.29999999998836,100.70000000001164,144.70000000001164,0.059999999997671694,43.90000000002328
2016-07-12,469.0,61.0,105.19999999998254,107.89999999996508,156.40000000002328,4.069999999999709,40.0
2016-07-13,677.0,167.59999999997672,42.29999999998836,226.40000000002328,140.90000000002328,5.17000000000553,43.79999999998836
2016-07-14,937.0,292.9000000000233,107.70000000001164,284.69999999995343,155.0,0.05000000000291038,51.90000000002328
2016-07-15,889.0,366.79999999998836,40.5,223.89999999996508,147.20000000001164,0.040000000000873115,42.40000000002328
2016-07-16,845.0,332.0,40.69999999998254,218.40000000002328,144.89999999996508,0.08999999999650754,42.20000000001164
2016-07-17,808.0,311.20000000001164,38.20000000001164,213.0,133.29999999998836,0.10999999999330612,41.09999999997672
2016-07-18,860.0,329.80000000004657,39.5,236.39999999996508,146.90000000002328,0.10999999999330612,41.59999999997672
2016-07-19,767.0,253.40000000002328,47.40000000002328,203.70000000001164,138.89999999996508,4.430000000000291,41.0
2016-07-20,806.0,293.20000000001164,47.19999999998254,205.90000000002328,147.29999999998836,0.0900000000037835,41.5
2016-07-21,854.0,321.29999999998836,47.39999999999418,225.29999999998836,151.69999999995343,0.06999999999970896,41.0
2016-07-22,1252.0,330.1000000000349,38.80000000001746,122.79999999998836,165.79999999998836,0.040000000000873115,510.6000000000349
2016-07-23,923.0,301.69999999995343,36.60000000000582,104.79999999998836,140.40000000002328,0.05000000000291038,245.5
2016-07-24,897.0,294.29999999998836,38.20000000001164,97.80000000004657,139.79999999998836,0.09999999999854481,232.20000000001164
2016-07-25,816.0,351.79999999998836,38.19999999998254,117.0,158.0,11.760000000002037,49.399999999965075
2016-07-26,969.0,339.30000000004657,49.5,275.0999999999767,160.0,8.279999999998836,45.70000000001164
2016-07-27,974.0,334.19999999995343,47.0,291.0999999999767,155.20000000001164,8.25,47.399999999965075
2016-07-28,1002.0,358.0999999999767,57.30000000001746,278.5,160.29999999998836,9.240000000005239,51.5
2016-07-29,845.0,296.6000000000349,38.69999999998254,224.89999999996508,144.29999999998836,0.029999999998835847,49.79999999998836
2016-07-30,807.0,273.0,36.39999999999418,211.09999999997672,148.79999999998836,0.09999999999854481,49.29999999998836
2016-07-31,848.0,289.0999999999767,35.20000000001164,207.5,139.09999999997672,0.11000000000058208,89.0
2016-08-01,843.0,295.0,31.20000000001164,205.09999999997672,139.40000000002328,0.11000000000058208,83.20000000001164
2016-08-02,995.0,251.10000000003492,95.60000000000582,207.0,162.79999999998836,0.08999999999650754,193.29999999998836
2016-08-03,1008.0,280.4000000000233,50.20000000001164,261.4000000000233,143.5,0.05000000000291038,202.09999999997672
2016-08-04,1149.0,298.30000000004657,114.79999999998836,282.70000000001164,164.89999999996508,0.040000000000873115,227.20000000001164
2016-08-05,843.0,282.0999999999767,35.0,253.29999999998836,155.5,0.05000000000291038,58.899999999965075
2016-08-06,579.0,227.70000000001164,32.5,93.90000000002328,165.70000000001164,0.09999999999854481,54.5
2016-08-07,545.0,216.40000000002328,31.60000000000582,93.90000000002328,149.20000000001164,0.040000000000873115,49.90000000002328
2016-08-08,443.0,115.89999999996508,32.79999999998836,94.5,145.79999999998836,0.05000000000291038,47.399999999965075
2016-08-09,533.0,115.0,83.70000000001164,107.09999999997672,172.40000000002328,0.08999999999650754,48.5
2016-08-10,479.0,123.29999999998836,34.60000000000582,116.5,148.0,0.05000000000291038,51.09999999997672
2016-08-11,909.0,115.79999999998836,33.39999999999418,125.59999999997672,163.20000000001164,0.05000000000291038,471.0
2016-08-12,811.0,117.0,32.80000000001746,109.09999999997672,159.5,0.059999999997671694,390.8999999999651
2016-08-13,602.0,112.90000000002328,33.70000000001164,92.90000000002328,144.5,0.059999999997671694,213.80000000004657
2016-08-14,664.0,115.10000000003492,33.70000000001164,95.20000000001164,157.5,0.040000000000873115,259.0
2016-08-15,649.0,116.5,33.29999999998836,117.59999999997672,155.09999999997672,9.059999999997672,210.5
2016-08-16,680.0,127.70000000001164,34.5,110.59999999997672,167.0,0.029999999998835847,237.29999999998836
2016-08-17,883.0,140.40000000002328,35.20000000001164,294.5999999999767,149.29999999998836,16.410000000003492,184.79999999998836
2016-08-18,765.0,134.29999999998836,39.10000000000582,105.79999999998836,156.09999999997672,0.18000000000029104,343.1000000000349
2016-08-19,432.0,120.10000000003492,36.5,101.29999999998836,140.5,0.23000000000320142,43.29999999998836
2016-08-20,430.0,122.5,35.29999999998836,96.89999999996508,141.79999999998836,0.10000000000582077,43.59999999997672
2016-08-21,435.0,119.79999999998836,36.10000000000582,99.60000000003492,144.29999999998836,0.1599999999962165,44.600000000034925
2016-08-22,626.0,118.09999999997672,37.79999999998836,210.70000000001164,147.29999999998836,5.299999999995634,41.399999999965075
2016-08-23,721.0,117.09999999997672,34.89999999999418,231.5,153.70000000001164,1.5900000000037835,124.70000000001164
2016-08-24,736.0,117.29999999998836,41.20000000001164,143.40000000002328,159.79999999998836,0.07999999999447027,288.0999999999767
2016-08-25,796.0,125.29999999998836,49.70000000001164,140.20000000001164,171.29999999998836,0.08999999999650754,323.69999999995343
2016-08-26,767.0,122.40000000002328,40.20000000001164,166.80000000004657,155.09999999997672,0.09999999999854481,280.29999999998836
2016-08-27,645.0,126.29999999998836,38.10000000000582,121.20000000001164,148.09999999997672,0.040000000000873115,223.39999999996508
2016-08-28,601.0,117.89999999996508,37.10000000000582,123.09999999997672,144.40000000002328,0.059999999997671694,191.0
2016-08-29,540.0,115.90000000002328,37.30000000001746,113.19999999995343,146.70000000001164,0.0900000000037835,136.79999999998836
2016-08-30,582.0,129.69999999995343,40.0,108.0,151.09999999997672,0.11000000000058208,164.5
2016-08-31,637.0,123.59999999997672,43.39999999999418,126.0,152.0,0.040000000000873115,204.39999999996508
2016-09-01,679.0,228.0,42.19999999998254,127.0,146.59999999997672,0.14999999999417923,147.19999999995343
2016-09-02,622.0,229.5,39.39999999999418,108.5,142.60000000003492,0.16999999999825377,114.20000000001164
2016-09-03,613.0,227.59999999997672,39.20000000001164,107.69999999995343,137.5,0.16999999999825377,111.59999999997672
2016-09-04,604.0,218.79999999998836,39.29999999998836,110.09999999997672,137.5,0.09999999999854481,111.0
2016-09-05,543.0,221.19999999995343,39.20000000001164,108.39999999996508,142.09999999997672,0.12999999999738066,42.899999999965075
2016-09-06,574.0,226.40000000002328,38.0,133.20000000001164,142.80000000004657,0.08999999999650754,44.5
2016-09-07,579.0,226.20000000001164,41.5,134.79999999998836,142.29999999998836,0.1599999999962165,45.5
2016-09-08,699.0,226.5,45.0,140.29999999998836,149.09999999997672,0.08999999999650754,151.29999999998836
2016-09-09,725.0,219.60000000003492,52.79999999998836,120.59999999997672,148.59999999997672,0.059999999997671694,195.79999999998836
2016-09-10,740.0,230.79999999998836,42.79999999998836,120.70000000001164,158.5,0.049999999995634425,199.29999999998836
2016-09-11,765.0,228.89999999996508,50.39999999999418,166.5,148.20000000001164,0.10999999999330612,180.0
2016-09-12,733.0,230.70000000001164,39.69999999998254,136.20000000001164,150.39999999996508,0.12999999999738066,184.80000000004657
2016-09-13,621.0,106.10000000003492,40.59999999997672,139.40000000002328,145.5,0.1599999999962165,201.29999999998836
2016-09-14,563.0,150.5,42.70000000001164,191.40000000002328,146.29999999998836,0.13999999999941792,42.5
2016-09-15,429.0,74.39999999996508,40.0,129.90000000002328,146.59999999997672,0.12999999999738066,46.40000000002328
2016-09-16,415.0,66.20000000001164,48.80000000001746,114.29999999998836,146.90000000002328,0.12000000000261934,47.09999999997672
2016-09-17,397.0,59.20000000001164,37.69999999998254,116.30000000004657,143.40000000002328,0.09999999999854481,48.09999999997672
2016-09-18,393.0,59.0,39.20000000001164,118.79999999998836,142.59999999997672,0.08999999999650754,42.90000000002328
2016-09-19,428.0,68.70000000001164,40.80000000001746,131.29999999998836,151.20000000001164,0.14999999999417923,45.20000000001164
2016-09-20,419.0,58.09999999997672,41.89999999999418,136.20000000001164,147.89999999996508,0.1500000000014552,43.20000000001164
2016-09-21,441.0,81.69999999995343,41.5,135.60000000003492,146.09999999997672,0.13999999999941792,45.5
2016-09-22,417.0,58.90000000002328,37.69999999998254,133.89999999996508,151.70000000001164,0.13999999999941792,44.20000000001164
2016-09-23,393.0,59.20000000001164,38.09999999997672,113.70000000001164,147.90000000002328,0.1500000000014552,42.79999999998836
2016-09-24,399.0,71.79999999998836,37.5,109.10000000003492,146.10000000003492,0.13999999999941792,44.59999999997672
2016-09-25,400.0,71.60000000003492,37.0,110.70000000001164,144.60000000003492,0.1300000000046566,44.90000000002328
2016-09-26,411.0,75.19999999995343,39.0,118.20000000001164,143.39999999996508,0.1500000000014552,44.40000000002328
2016-09-27,403.0,56.29999999998836,40.80000000001746,124.0,145.90000000002328,0.09999999999854481,44.600000000034925
2016-09-28,419.0,66.40000000002328,42.19999999998254,129.19999999995343,146.60000000003492,0.12000000000261934,44.0
2016-09-29,414.0,71.5,38.80000000001746,123.70000000001164,147.20000000001164,0.12000000000261934,43.40000000002328
2016-09-30,403.0,69.20000000001164,39.69999999998254,109.5,150.69999999995343,0.12999999999738066,44.29999999998836
2016-10-01,428.0,68.39999999996508,38.79999999998836,112.20000000001164,162.59999999997672,0.11000000000058208,56.79999999998836
2016-10-02,396.0,62.899999999965075,38.60000000000582,112.0,149.0,0.12999999999738066,44.40000000002328
2016-10-03,399.0,59.5,36.69999999998254,106.40000000002328,162.60000000003492,0.12999999999738066,45.100000000034925
2016-10-04,470.0,124.0,42.80000000001746,114.90000000002328,154.90000000002328,0.11000000000058208,44.70000000001164
2016-10-05,424.0,74.29999999998836,40.70000000001164,117.40000000002328,154.40000000002328,0.08999999999650754,47.0
2016-10-06,454.0,103.20000000001164,38.79999999998836,121.40000000002328,147.69999999995343,0.1500000000014552,53.899999999965075
2016-10-07,431.0,68.20000000001164,48.10000000000582,112.30000000004657,160.0,0.1300000000046566,53.20000000001164
2016-10-08,553.0,54.5,37.0,126.90000000002328,161.20000000001164,0.12000000000261934,186.29999999998836
2016-10-09,393.0,63.0,37.19999999998254,106.29999999993015,147.5,0.12000000000261934,48.600000000034925
2016-10-10,454.0,72.40000000002328,36.69999999998254,102.70000000006985,203.89999999996508,0.06999999999970896,50.29999999998836
2016-10-11,386.0,62.70000000001164,38.40000000002328,101.30000000004657,145.20000000001164,0.12999999999738066,49.0
2016-10-12,391.0,68.79999999998836,37.0,101.70000000006985,144.5,0.13999999999941792,48.5
2016-10-13,403.0,60.0,36.19999999998254,117.70000000006985,151.30000000004657,0.12000000000261934,48.300000000046566
2016-10-14,586.0,130.60000000003492,37.60000000000582,108.59999999997672,150.70000000001164,0.08000000000174623,173.10000000003492
2016-10-15,509.0,67.09999999997672,36.89999999999418,103.30000000004657,150.29999999998836,0.11999999999534339,164.20000000001164
2016-10-16,521.0,52.70000000001164,37.39999999999418,107.89999999990687,151.10000000003492,0.11000000000058208,184.90000000002328
2016-10-17,550.0,91.70000000001164,37.39999999999418,119.90000000002328,153.0,0.14999999999417923,160.29999999998836
2016-10-18,662.0,56.5,36.30000000001746,126.69999999995343,148.70000000001164,0.11000000000058208,307.5
2016-10-19,541.0,72.0,40.89999999999418,127.5,151.29999999998836,0.13999999999941792,163.19999999995343
2016-10-20,533.0,51.59999999997672,37.20000000001164,118.40000000002328,149.0,0.1599999999962165,189.79999999998836
2016-10-21,529.0,54.100000000034925,38.40000000002328,112.30000000004657,153.60000000003492,0.13999999999941792,183.0
2016-10-22,526.0,65.40000000002328,40.10000000000582,113.29999999993015,157.5,0.08999999999650754,161.70000000001164
2016-10-23,510.0,62.90000000002328,39.5,115.09999999997672,144.60000000003492,0.11000000000058208,161.20000000001164
2016-10-24,415.0,71.40000000002328,38.79999999998836,111.40000000002328,155.10000000003492,0.08000000000174623,49.59999999997672
2016-10-25,574.0,125.10000000003492,36.79999999998836,114.09999999997672,265.9000000000233,0.040000000000873115,47.70000000001164
2016-10-26,513.0,69.70000000001164,37.5,113.5,258.70000000001164,0.029999999998835847,48.70000000001164
2016-10-27,410.0,66.29999999998836,40.39999999999418,118.90000000002328,145.0,0.09999999999854481,50.199999999953434
2016-10-28,407.0,72.60000000003492,39.59999999997672,106.0,144.29999999998836,0.10999999999330612,54.79999999998836
2016-10-29,382.0,62.20000000001164,38.89999999999418,103.30000000004657,142.19999999995343,0.12000000000261934,46.0
2016-10-30,383.0,63.20000000001164,37.79999999998836,104.19999999995343,144.59999999997672,0.09999999999854481,43.600000000034925
2016-10-31,522.0,65.29999999998836,39.5,116.79999999993015,269.29999999998836,0.05000000000291038,47.09999999997672
2016-11-01,444.0,100.10000000003492,38.0,115.79999999993015,147.39999999996508,0.12999999999738066,53.0
2016-11-02,478.0,110.20000000001164,38.0,129.19999999995343,158.5,0.13999999999941792,54.20000000001164
2016-11-03,435.0,96.70000000001164,38.29999999998836,119.5,145.29999999998836,0.09999999999854481,46.0
2016-11-04,525.0,71.5,42.29999999998836,105.70000000006985,275.20000000001164,0.020000000004074536,46.09999999997672
2016-11-05,493.0,74.59999999997672,45.09999999997672,131.80000000004657,182.0,0.1500000000014552,71.79999999998836
2016-11-06,404.0,67.70000000001164,38.0,106.19999999995343,156.89999999996508,0.06999999999970896,45.5
2016-11-07,585.0,114.70000000001164,37.5,115.5,260.79999999998836,0.0,71.90000000002328
2016-11-08,545.0,218.5,37.29999999998836,112.20000000006985,140.70000000001164,0.06000000000494765,48.5
2016-11-09,479.0,111.0,40.79999999998836,114.70000000006985,174.60000000003492,0.08000000000174623,50.0
2016-11-10,449.0,123.39999999996508,36.89999999999418,105.59999999997672,149.0,0.13999999999941792,45.600000000034925
2016-11-11,447.0,72.79999999998836,37.0,98.70000000006985,198.90000000002328,0.05000000000291038,51.90000000002328
2016-11-12,387.0,68.29999999998836,36.39999999999418,98.40000000002328,145.10000000003492,0.12999999999738066,49.5
2016-11-13,382.0,64.5,36.60000000000582,103.59999999997672,140.20000000001164,0.0900000000037835,47.20000000001164
2016-11-14,394.0,63.100000000034925,40.60000000000582,105.89999999990687,143.5,0.1500000000014552,51.59999999997672
2016-11-15,470.0,67.79999999998836,37.79999999998836,111.30000000004657,148.0,0.10000000000582077,116.89999999996508
2016-11-16,505.0,147.5,38.70000000001164,120.60000000009313,149.5,0.09999999999854481,60.20000000001164
2016-11-17,420.0,67.0,40.5,122.90000000002328,147.79999999998836,0.08000000000174623,52.40000000002328
2016-11-18,449.0,114.79999999998836,36.40000000002328,107.0,148.10000000003492,0.08999999999650754,53.90000000002328
2016-11-19,405.0,70.29999999998836,36.90000000002328,105.0,150.0,0.11000000000058208,52.70000000001164
2016-11-20,516.0,68.59999999997672,37.69999999998254,110.0,269.4000000000233,0.010000000002037268,45.79999999998836
2016-11-21,563.0,126.29999999998836,37.0,114.59999999997672,255.0,0.020000000004074536,46.90000000002328
2016-11-22,550.0,72.0,37.69999999998254,111.40000000002328,265.30000000004657,0.05000000000291038,79.60000000003492
2016-11-23,556.0,76.90000000002328,38.79999999998836,104.29999999993015,262.20000000001164,0.0,89.80000000004657
2016-11-24,429.0,86.20000000001164,37.40000000002328,102.09999999997672,144.5,0.06999999999970896,70.69999999995343
2016-11-25,418.0,108.0,36.10000000000582,100.90000000002328,137.60000000003492,0.11000000000058208,46.20000000001164
2016-11-26,427.0,112.79999999998836,37.19999999998254,101.89999999990687,140.19999999995343,0.08000000000174623,46.70000000001164
2016-11-27,551.0,111.29999999998836,37.5,102.29999999993015,269.3999999999651,0.059999999997671694,48.09999999997672
2016-11-28,595.0,89.20000000001164,37.60000000000582,115.90000000002328,268.0,0.0,101.5
2016-11-29,457.0,130.70000000001164,36.69999999998254,113.0,142.09999999997672,0.12000000000261934,47.29999999998836
2016-11-30,406.0,67.40000000002328,36.10000000000582,117.19999999995343,149.70000000001164,0.11999999999534339,47.09999999997672
2016-12-01,453.0,70.79999999998836,37.60000000000582,118.5,193.10000000003492,0.08999999999650754,46.5
2016-12-02,446.0,70.59999999997672,35.5,108.19999999995343,149.0,0.09999999999854481,93.90000000002328
2016-12-03,596.0,82.79999999998836,36.70000000001164,113.09999999997672,269.0,0.059999999997671694,111.5
2016-12-04,560.0,84.29999999998836,36.10000000000582,115.90000000002328,274.0,0.0,66.5
2016-12-05,621.0,135.0,38.10000000000582,122.09999999997672,263.8999999999651,0.0,79.60000000003492
2016-12-06,493.0,76.79999999998836,36.09999999997672,120.80000000004657,185.5,0.08000000000174623,88.0
2016-12-07,571.0,77.29999999998836,41.0,118.29999999993015,265.4000000000233,0.029999999998835847,85.30000000004657
2016-12-08,567.0,80.20000000001164,38.19999999998254,120.59999999997672,260.5999999999767,0.0,84.40000000002328
2016-12-09,558.0,94.79999999998836,37.20000000001164,107.80000000004657,265.20000000001164,0.0,70.30000000004657
2016-12-10,757.0,110.79999999998836,38.69999999998254,103.5,282.79999999998836,0.0,241.80000000004657
2016-12-11,726.0,173.70000000001164,38.89999999999418,104.09999999997672,271.79999999998836,0.020000000004074536,159.70000000001164
2016-12-12,600.0,80.5,38.10000000000582,113.90000000002328,263.20000000001164,0.0,122.0
2016-12-13,515.0,107.5,38.5,117.29999999993015,148.0,0.08000000000174623,118.20000000001164
2016-12-14,646.0,76.10000000003492,39.29999999998836,113.19999999995343,262.3999999999651,0.0,174.59999999997672
2016-12-15,796.0,166.79999999998836,38.30000000001746,117.79999999993015,281.8999999999651,0.0,212.79999999998836
2016-12-16,791.0,142.60000000003492,36.59999999997672,106.80000000004657,285.5,0.0,242.39999999996508
2016-12-17,654.0,172.20000000001164,36.5,102.20000000006985,258.29999999998836,0.12999999999738066,105.20000000001164
2016-12-18,572.0,118.70000000001164,36.89999999999418,103.80000000004657,260.6000000000349,0.01999999999679858,69.70000000001164
2016-12-19,620.0,116.90000000002328,38.39999999999418,113.90000000002328,287.20000000001164,0.0,83.19999999995343
2016-12-20,602.0,79.40000000002328,40.89999999999418,118.90000000002328,257.0,0.0,123.60000000003492
2016-12-21,619.0,127.19999999995343,41.69999999998254,117.5,254.0,0.0,97.29999999998836
2016-12-22,559.0,84.5,40.79999999998836,121.70000000006985,253.09999999997672,0.059999999997671694,75.20000000001164
2016-12-23,473.0,70.90000000002328,37.29999999998836,105.79999999993015,195.59999999997672,0.059999999997671694,77.40000000002328
2016-12-24,540.0,83.19999999995343,38.40000000002328,104.40000000002328,256.5,0.010000000002037268,74.79999999998836
2016-12-25,647.0,144.59999999997672,37.89999999999418,105.90000000002328,279.4000000000233,0.0,99.29999999998836
2016-12-26,482.0,122.5,39.59999999997672,104.30000000004657,137.5,0.13999999999941792,73.20000000001164
2016-12-27,496.0,130.90000000002328,38.80000000001746,114.59999999997672,155.79999999993015,0.11000000000058208,70.29999999998836
2016-12-28,630.0,122.59999999997672,37.5,110.20000000006985,274.80000000004657,0.0,104.59999999997672
2016-12-29,683.0,172.5,37.70000000001164,106.0,271.9000000000233,0.05000000000291038,114.40000000002328
2016-12-30,600.0,81.70000000006985,37.70000000001164,103.40000000002328,263.9000000000233,0.0,121.09999999997672
2016-12-31,538.0,178.0,40.80000000001746,103.59999999997672,139.60000000009313,0.059999999997671694,91.0
2017-01-01,598.0,109.5,37.09999999997672,104.40000000002328,276.0,0.0,89.79999999998836
2017-01-02,545.0,184.30000000004657,46.0,104.20000000006985,151.59999999997672,0.08999999999650754,56.90000000002328
2017-01-03,458.0,115.30000000004657,42.20000000001164,118.09999999997672,142.80000000004657,0.11000000000058208,51.600000000034925
2017-01-04,706.0,104.90000000002328,40.20000000001164,114.40000000002328,272.9000000000233,0.01999999999679858,194.60000000003492
2017-01-05,590.0,86.29999999993015,37.5,119.90000000002328,254.0,0.0,109.19999999995343
2017-01-06,710.0,97.59999999997672,38.5,108.0,263.4000000000233,0.0,221.79999999998836
2017-01-07,776.0,179.5,38.5,103.90000000002328,259.9000000000233,0.0,216.10000000003492
2017-01-08,852.0,192.0,40.10000000000582,108.20000000006985,259.0999999999767,0.0,260.1000000000349
2017-01-09,779.0,167.30000000004657,39.20000000001164,112.0,276.89999999990687,0.0,205.19999999995343
2017-01-10,529.0,116.29999999993015,43.59999999997672,116.80000000004657,142.70000000006985,0.1300000000046566,124.69999999995343
2017-01-11,466.0,96.59999999997672,39.19999999998254,120.5,150.20000000006985,0.08999999999650754,73.70000000001164
2017-01-12,452.0,82.40000000002328,40.29999999998836,120.70000000006985,143.09999999997672,0.12000000000261934,77.70000000001164
2017-01-13,598.0,117.79999999993015,39.69999999998254,104.89999999990687,269.69999999995343,0.0,83.5
2017-01-14,565.0,77.0,38.5,103.20000000006985,248.59999999997672,0.0,113.70000000001164
2017-01-15,616.0,139.29999999993015,39.20000000001164,104.69999999995343,279.69999999995343,0.0,72.10000000003492
2017-01-16,617.0,146.5,39.79999999998836,102.5,270.5,0.0,73.70000000001164
2017-01-17,552.0,88.79999999993015,39.70000000001164,112.80000000004657,255.5,0.049999999995634425,72.60000000003492
2017-01-18,557.0,97.10000000009313,40.19999999998254,111.30000000004657,252.5,0.0,72.79999999998836
2017-01-19,620.0,117.59999999997672,40.0,119.30000000004657,267.20000000006985,0.010000000002037268,95.40000000002328
2017-01-20,450.0,96.59999999997672,38.79999999998836,112.5,139.80000000004657,0.08000000000174623,74.20000000001164
2017-01-21,422.0,74.0,37.89999999999418,105.40000000002328,138.80000000004657,0.12000000000261934,76.89999999996508
2017-01-22,464.0,118.60000000009313,40.89999999999418,107.09999999997672,137.5,0.05000000000291038,72.5
2017-01-23,538.0,84.30000000004657,36.5,105.90000000002328,250.60000000009313,0.040000000000873115,76.20000000001164
2017-01-24,454.0,72.30000000004657,37.5,110.90000000002328,174.20000000006985,0.059999999997671694,73.60000000003492
2017-01-25,423.0,74.5,38.60000000000582,108.0,142.0,0.06000000000494765,72.30000000004657
2017-01-26,422.0,71.69999999995343,38.69999999998254,110.29999999993015,140.59999999997672,0.09999999999854481,72.5
2017-01-27,491.0,97.59999999997672,40.30000000001746,135.80000000004657,156.29999999993015,0.05000000000291038,72.70000000001164
2017-01-28,584.0,82.40000000002328,40.10000000000582,121.09999999997672,257.79999999993015,0.00999999999476131,100.30000000004657
2017-01-29,601.0,94.89999999990687,40.5,139.90000000002328,292.20000000006985,0.0,50.100000000034925
2017-01-30,702.0,122.70000000006985,37.5,113.40000000002328,266.80000000004657,0.0,180.59999999997672
2017-01-31,528.0,79.59999999997672,39.29999999998836,120.40000000002328,250.5,0.0,53.79999999998836
2017-02-01,580.0,87.29999999993015,36.39999999999418,118.80000000004657,257.9000000000233,0.0,96.89999999996508
2017-02-02,571.0,77.0,36.89999999999418,119.5,260.0,0.0,96.09999999997672
2017-02-03,659.0,76.59999999997672,36.40000000002328,112.19999999995343,258.0999999999767,0.0,195.19999999995343
2017-02-04,614.0,77.79999999993015,36.30000000001746,109.80000000004657,250.90000000002328,0.0,156.89999999996508
2017-02-05,594.0,169.29999999993015,36.90000000002328,110.5,230.20000000006985,0.06999999999970896,64.0
2017-02-06,537.0,82.20000000006985,38.89999999999418,124.29999999993015,254.40000000002328,0.040000000000873115,53.600000000034925
2017-02-07,591.0,77.0,37.20000000001164,122.5,257.29999999993015,0.0,115.10000000003492
2017-02-08,511.0,71.30000000004657,37.5,126.19999999995343,221.20000000006985,0.05000000000291038,70.09999999997672
2017-02-09,677.0,169.59999999997672,37.90000000002328,120.5,277.4000000000233,0.0,79.60000000003492
2017-02-10,706.0,79.09999999997672,36.10000000000582,123.5,298.9000000000233,0.0,190.0
2017-02-11,806.0,174.09999999997672,37.39999999999418,140.30000000004657,305.20000000006985,0.0,156.5
2017-02-12,771.0,136.89999999990687,38.29999999998836,125.0,252.90000000002328,0.01999999999679858,242.29999999998836
2017-02-13,652.0,163.0,37.0,114.60000000009313,268.4000000000233,0.0,73.0
2017-02-14,543.0,70.19999999995343,39.0,119.09999999997672,256.0,0.0,77.20000000001164
2017-02-15,606.0,74.70000000006985,36.19999999998254,117.79999999993015,256.19999999995343,0.040000000000873115,140.40000000002328
2017-02-16,616.0,73.0,38.10000000000582,117.5,261.0,0.0,145.59999999997672
2017-02-17,596.0,65.20000000006985,35.5,115.5,257.0,0.0,142.30000000004657
2017-02-18,480.0,63.0,35.5,116.89999999990687,138.59999999997672,0.09999999999854481,141.0
2017-02-19,479.0,64.5,35.90000000002328,119.40000000002328,133.29999999993015,0.0900000000037835,140.0
2017-02-20,620.0,91.5,35.0,111.59999999997672,261.0999999999767,0.0,141.20000000001164
2017-02-21,455.0,88.10000000009313,38.0,114.10000000009313,138.10000000009313,0.059999999997671694,90.29999999998836
2017-02-22,428.0,71.20000000006985,37.30000000001746,115.5,137.5,0.06000000000494765,79.40000000002328
2017-02-23,491.0,65.5,33.60000000000582,112.5,137.19999999995343,0.059999999997671694,156.20000000001164
2017-02-24,434.0,49.5,34.10000000000582,111.79999999993015,135.30000000004657,0.0900000000037835,114.90000000002328
2017-02-25,407.0,68.30000000004657,33.79999999998836,103.30000000004657,136.40000000002328,0.07999999999447027,77.80000000004657
2017-02-26,513.0,66.20000000006985,34.40000000002328,104.80000000004657,249.0,0.0,74.70000000001164
2017-02-27,501.0,84.59999999997672,38.0,108.79999999993015,210.69999999995343,0.040000000000873115,74.19999999995343
2017-02-28,426.0,72.5,37.29999999998836,112.29999999993015,141.40000000002328,0.07999999999447027,75.20000000001164
2017-03-01,429.0,61.59999999997672,40.5,113.20000000006985,140.19999999995343,0.06000000000494765,86.10000000003492
2017-03-02,542.0,72.19999999995343,38.39999999999418,114.5,256.20000000006985,0.0,78.40000000002328
2017-03-03,604.0,76.5,39.0,103.20000000006985,266.30000000004657,0.0,138.70000000001164
2017-03-04,739.0,187.79999999993015,38.0,119.09999999997672,283.80000000004657,0.0,122.0
2017-03-05,645.0,150.19999999995343,37.5,104.5,270.10000000009313,0.0,103.79999999998836
2017-03-06,530.0,69.90000000002328,36.90000000002328,112.0,252.59999999997672,0.01999999999679858,78.0
2017-03-07,471.0,109.0,39.5,114.0,147.09999999997672,0.059999999997671694,74.59999999997672
2017-03-08,486.0,109.59999999997672,41.10000000000582,118.0,154.29999999993015,0.059999999997671694,76.5
2017-03-09,507.0,74.30000000004657,40.40000000002328,119.09999999997672,239.30000000004657,0.029999999998835847,49.90000000002328
2017-03-10,568.0,69.70000000006985,40.79999999998836,118.59999999997672,275.5999999999767,0.0,81.29999999998836
2017-03-11,677.0,137.69999999995343,32.20000000001164,107.69999999995343,230.40000000002328,0.0,174.19999999995343
2017-03-12,829.0,137.90000000002328,40.29999999998836,124.5,280.69999999995343,0.0,269.79999999998836
2017-03-13,630.0,74.69999999995343,40.29999999998836,116.5,251.59999999997672,0.0,168.0
2017-03-14,628.0,108.79999999993015,40.30000000001746,116.29999999993015,259.19999999995343,0.0,124.59999999997672
2017-03-15,730.0,170.90000000002328,50.80000000001746,132.79999999993015,274.0,0.0,123.69999999995343
2017-03-16,600.0,71.79999999993015,41.0,121.0,263.0,0.0,123.20000000001164
2017-03-17,685.0,68.40000000002328,38.5,115.59999999997672,268.19999999995343,0.0,214.70000000001164
2017-03-18,576.0,68.5,38.39999999999418,110.29999999993015,258.80000000004657,0.010000000002037268,117.70000000001164
2017-03-19,601.0,67.79999999993015,38.79999999998836,114.69999999995343,263.69999999995343,0.029999999998835847,134.29999999998836
2017-03-20,453.0,73.40000000002328,38.39999999999418,113.20000000006985,196.20000000006985,0.059999999997671694,47.79999999998836
Metasys File,2017 03 21 - AHS Electric & Gas (501 MB),Report Format,Summary,Time Period,Partial Day,Start Time,23:00,End Time,04:00
.,.,AHS - Main  (kWh),Energy.AHS_N1-Main-kWh-Energy (Trend1),Gym (kWh),Energy.AHS_N1-DG-kWh-Energy (Trend1),Plug Load (kWh) ,Energy.AHS_N1-DHB - kWh Total (Trend1),Lighting (kWh),Energy.AHS_N1-DL-Energy-kWh (Trend1),Kitchen | Emergency (kWh),Energy.AHS_N1-DE-ATS-Energy-kWh (Trend1),Chillers (kWh),Energy.M1-kWh-Energy (Trend1),Collins Center (kWh),Energy.CollinCtr-Energy-kWh (Trend1)
81f9c2758a7a8496466159c0fa7fa418