Usage statistics start at 05:00 each day
,AHS - Main  (kWh),Gym (kWh),Lighting (kWh),Plug Load (kWh) ,Kitchen | Emergency (kWh),Chillers (kWh),Collins Center (kWh)
2015-07-30,1412.0,,,,,,
2015-07-31,4392.0,,,,,,
2015-08-01,2950.0,,,,,,
2015-08-02,2869.0,,,,,,
2015-08-03,6133.0,,,,,,
2015-08-04,6122.0,909.3755,580.2826,288.65909999999997,419.5308,139.67270000000002,159.51079999999996
2015-08-05,5096.0,1735.0059999999999,1153.972,580.4218999999999,780.1918,435.93359999999996,275.7886
2015-08-06,3971.0,1435.3160000000003,857.4099999999999,428.36799999999994,688.4359999999999,199.34500000000003,353.86559999999986
2015-08-07,2540.0,432.22399999999925,633.75,280.69000000000005,666.2919999999999,212.404,357.61199999999985
2015-08-08,1920.0,348.16899999999987,475.4960000000001,214.5279999999998,607.9680000000003,0.7570000000000618,308.798
2015-08-09,1801.0,264.28800000000047,499.72500000000036,213.90899999999988,598.8629999999998,0.7049999999999272,258.1199999999999
2015-08-10,2395.0,343.0659999999998,607.3299999999999,256.8510000000001,643.2690000000002,252.3510000000001,343.711
2015-08-11,3526.0,612.808,1058.88,405.509,742.2870000000003,185.50700000000006,307.68200000000024
2015-08-12,3452.0,415.03699999999935,962.7780000000002,454.5750000000003,722.6449999999995,354.8399999999999,423.61100000000033
2015-08-13,4443.0,610.1349999999993,714.6980000000003,533.7389999999996,732.9350000000004,382.65599999999995,1488.3629999999998
2015-08-14,4018.0,296.47100000000046,610.7579999999998,436.7049999999999,706.8280000000004,263.72699999999986,1776.027
2015-08-15,3119.0,319.628999999999,477.8060000000005,204.83399999999983,656.4350000000004,1.0360000000000582,1512.6229999999996
2015-08-16,3188.0,316.866,490.60100000000057,205.47500000000036,662.4429999999993,1.236000000000331,1565.7300000000005
2015-08-17,4108.0,567.1090000000004,687.1640000000007,363.21000000000004,710.0429999999997,315.40200000000004,1505.4209999999985
2015-08-18,3299.0,393.5049999999992,911.4599999999991,240.3760000000002,778.1490000000013,318.71100000000024,689.2600000000002
2015-08-19,2933.0,400.46399999999994,852.1099999999988,243.11599999999999,875.5500000000011,307.683,304.7600000000002
2015-08-20,4468.0,423.71000000000095,956.5300000000007,379.2510000000002,841.130000000001,1265.9920000000006,491.22000000000116
2015-08-21,4029.0,416.9800000000014,1031.8999999999996,248.46100000000024,766.1400000000012,833.768,578.0200000000004
2015-08-22,2000.0,333.77999999999884,560.9299999999985,225.91399999999976,662.8799999999992,0.5739999999996144,254.36000000000058
2015-08-23,3010.0,370.5799999999999,633.8999999999996,199.01600000000053,699.6099999999988,406.85400000000027,616.3799999999992
2015-08-24,4252.0,621.6899999999987,1340.8799999999974,260.2619999999997,765.3300000000017,611.3629999999994,364.15000000000146
2015-08-25,4646.0,595.5699999999997,1133.260000000002,390.32800000000043,823.9200000000001,665.1240000000007,870.2200000000012
2015-08-26,5045.0,577.4699999999993,1441.3899999999994,323.35899999999947,934.0200000000004,280.95899999999983,1338.289999999999
2015-08-27,3657.0,504.1100000000006,892.1700000000019,456.6849999999995,815.9300000000003,193.65700000000015,858.75
2015-08-28,3356.0,784.6900000000005,762.5299999999988,290.8580000000002,707.4699999999975,177.79600000000028,658.6100000000006
2015-08-29,2233.0,378.7000000000007,563.989999999998,207.7639999999992,644.130000000001,0.6149999999997817,484.2999999999993
2015-08-30,1944.0,336.9200000000001,555.8499999999985,207.28499999999985,656.4300000000003,0.5999999999985448,229.44000000000233
2015-08-31,5242.0,991.6999999999989,1254.5699999999997,408.15300000000025,892.8299999999981,450.47600000000057,1246.239999999998
2015-09-01,5728.0,1278.5,1449.2999999999993,596.0370000000003,945.119999999999,650.7890000000007,726.7700000000004
2015-09-02,6179.0,1364.739999999998,1794.8099999999977,662.7039999999997,939.869999999999,714.9390000000003,626.5900000000001
2015-09-03,6612.0,1289.6399999999994,1829.9000000000015,719.3500000000004,933.869999999999,750.5,983.0199999999968
2015-09-04,6451.0,1419.6100000000006,2024.1599999999999,623.2800000000007,888.5600000000013,452.46999999999935,790.1800000000003
2015-09-05,2774.0,438.91999999999825,1145.7100000000028,232.45999999999913,621.3199999999997,0.7100000000009459,197.71000000000276
2015-09-06,2697.0,332.7900000000009,1189.6399999999994,231.5599999999995,611.8299999999981,0.6499999999996362,196.04999999999927
2015-09-07,3278.0,390.2000000000007,1281.8400000000038,235.45000000000073,630.0499999999993,0.5300000000006548,616.2099999999991
2015-09-08,7795.0,1375.869999999999,2335.510000000002,682.5699999999997,947.5799999999981,859.75,1349.4900000000016
2015-09-09,7720.0,1432.4300000000003,2420.1600000000035,689.6400000000012,961.5800000000017,823.8600000000006,1142.9500000000007
2015-09-10,8068.0,1589.8300000000017,2552.0699999999997,797.1399999999994,1035.3199999999997,641.1599999999999,1159.9300000000003
2015-09-11,6877.0,1520.4500000000007,2201.4400000000023,635.4500000000007,939.1599999999999,434.10000000000036,883.1500000000015
2015-09-12,2680.0,356.2999999999993,1093.6500000000015,238.88999999999942,657.6399999999994,0.6200000000008004,222.88000000000102
2015-09-13,2651.0,330.16999999999825,1126.6699999999983,239.29999999999927,645.5599999999977,0.6100000000005821,200.23999999999796
2015-09-14,2969.0,381.22000000000116,1141.6599999999962,252.1800000000003,662.3700000000026,152.07999999999993,278.2999999999993
2015-09-15,6316.0,1251.170000000002,2160.739999999998,703.9799999999996,956.8200000000033,421.0599999999995,567.4700000000012
2015-09-16,6574.0,1422.8899999999994,2262.8199999999997,751.4599999999991,947.5999999999985,455.59000000000015,495.84999999999854
2015-09-17,7198.0,1315.7700000000004,2324.909999999996,710.2099999999991,977.1999999999971,497.59000000000015,1115.619999999999
2015-09-18,7153.0,1335.699999999997,2246.040000000001,663.4300000000003,883.5300000000061,486.0100000000002,1286.520000000004
2015-09-19,2797.0,376.1900000000023,1203.25,250.87000000000262,629.4599999999991,0.6499999999996362,213.90999999999622
2015-09-20,2605.0,371.16999999999825,1036.7900000000009,248.09000000000015,618.6100000000006,0.5999999999985448,200.25
2015-09-21,5730.0,1225.800000000003,1884.0699999999997,701.0099999999984,931.3300000000017,256.8700000000008,458.84999999999854
2015-09-22,5983.0,1378.9300000000003,1979.520000000004,650.9500000000007,961.8600000000006,282.03999999999905,458.7100000000064
2015-09-23,2659.0,437.5400000000009,802.6100000000006,323.630000000001,694.6200000000026,113.31000000000131,311.4800000000032
2015-09-24,5415.0,1265.229999999996,1659.6800000000003,671.3300000000017,969.3899999999994,300.3899999999994,467.86999999999534
2015-09-25,5292.0,1386.0800000000017,1612.3999999999942,625.9500000000007,942.7800000000061,212.12999999999738,428.3700000000026
2015-09-26,2250.0,456.5699999999997,639.0800000000017,249.84999999999854,677.75,0.7800000000024738,267.0199999999968
2015-09-27,2276.0,470.1900000000023,654.7399999999907,249.51000000000204,670.2300000000032,0.7399999999979627,274.6900000000023
2015-09-28,6012.0,1245.6399999999994,2129.75,715.4300000000003,991.0699999999997,242.41999999999825,468.52999999999884
2015-09-29,6778.0,1513.0699999999997,2342.699999999997,675.0400000000009,1002.3899999999994,424.7000000000007,573.2800000000061
2015-09-30,6733.0,1408.0999999999985,2186.4400000000023,684.1800000000003,966.8099999999977,431.6100000000006,807.5
2015-10-01,5764.0,1402.9400000000023,1865.9199999999983,673.7400000000016,986.7899999999936,106.9900000000016,442.8700000000026
2015-10-02,5166.0,1270.2699999999968,1644.2200000000012,590.8200000000033,929.3499999999985,1.8400000000001455,429.7099999999991
2015-10-03,2578.0,471.01000000000204,742.0200000000041,267.34000000000015,728.5400000000009,0.6700000000018917,237.6800000000003
2015-10-04,2726.0,472.16999999999825,732.3500000000058,233.62000000000262,694.3099999999977,0.6399999999994179,465.86999999999534
2015-10-05,5980.0,1572.760000000002,1849.0400000000081,632.9300000000003,974.1100000000006,41.63000000000102,660.560000000005
2015-10-06,5915.0,1444.239999999998,1887.0399999999936,642.9799999999996,954.1100000000006,73.30999999999767,674.6399999999994
2015-10-07,5867.0,1408.989999999998,1880.5,646.869999999999,955.3899999999994,88.16999999999825,633.7099999999991
2015-10-08,5860.0,1309.3199999999997,1862.5800000000017,642.7999999999993,1003.8899999999994,48.580000000001746,730.6500000000015
2015-10-09,6129.0,1518.4199999999983,1940.229999999996,579.75,939.2799999999988,107.06999999999971,794.8600000000006
2015-10-10,2999.0,582.7299999999959,723.8899999999994,220.38000000000102,648.3899999999994,0.7999999999992724,703.4300000000003
2015-10-11,3003.0,485.58000000000175,826.1100000000006,218.88999999999942,714.0699999999997,0.7099999999991269,638.1600000000035
2015-10-12,2772.0,466.59999999999854,859.0400000000081,221.13000000000102,661.1399999999994,0.6500000000014552,447.9800000000032
2015-10-13,5898.0,1296.8699999999953,2116.279999999999,636.0,983.6100000000006,80.54000000000087,543.510000000002
2015-10-14,5976.0,1557.9900000000052,1758.2899999999936,578.4800000000032,916.0200000000041,70.63000000000102,851.3899999999994
2015-10-15,6014.0,1525.4700000000012,1801.3600000000006,604.5400000000009,1183.239999999998,21.209999999999127,622.2299999999959
2015-10-16,6522.0,1505.989999999998,1824.37000000001,609.4000000000015,1127.3399999999965,13.780000000002474,1186.8600000000006
2015-10-17,2829.0,659.320000000007,664.25,270.0199999999968,694.2999999999956,0.7400000000016007,416.23999999999796
2015-10-18,3173.0,740.8000000000029,660.2600000000093,271.9800000000032,926.5400000000009,0.4699999999975262,465.09999999999854
2015-10-19,6489.0,1517.62999999999,1721.9000000000087,658.6500000000015,1283.9099999999962,0.7999999999992724,1071.6399999999994
2015-10-20,6215.0,1519.8600000000006,1844.0,647.4099999999962,1146.5299999999988,20.709999999999127,788.8600000000006
2015-10-21,5850.0,1381.8899999999994,1757.699999999997,660.9400000000023,1072.3399999999965,7.549999999999272,702.6200000000026
2015-10-22,5674.0,1437.6399999999994,1687.5999999999913,646.4500000000044,1043.159999999989,120.0,501.3899999999994
2015-10-23,5702.0,1409.6100000000006,1391.5,572.8000000000029,1280.62000000001,0.6100000000005821,797.8500000000058
2015-10-24,2888.0,648.9100000000035,663.3999999999942,274.8600000000006,742.5200000000041,0.6599999999998545,440.0599999999977
2015-10-25,3182.0,563.0400000000081,629.6000000000058,238.76000000000204,624.7399999999907,0.7000000000007276,1015.3799999999974
2015-10-26,6172.0,1526.9100000000035,1694.3999999999942,646.9000000000015,1356.6600000000035,1.2099999999991269,706.6800000000003
2015-10-27,6282.0,1612.75,1717.199999999997,681.0800000000017,1247.0,1.3800000000010186,778.8499999999985
2015-10-28,6192.0,1334.6499999999942,1698.5999999999913,653.0799999999945,1236.8199999999924,0.6500000000014552,1021.5599999999977
2015-10-29,6152.0,1457.7899999999936,1793.0,632.3400000000038,979.5299999999988,195.90999999999985,862.3299999999945
2015-10-30,5896.0,1549.9199999999983,1623.199999999997,586.5299999999988,1153.4900000000052,8.409999999999854,712.8600000000006
2015-10-31,2802.0,567.5299999999988,657.9000000000087,245.17000000000553,779.5100000000093,0.7000000000007276,431.7299999999959
2015-11-01,2518.0,600.9300000000076,632.6999999999971,235.3000000000029,635.1999999999971,0.6899999999986903,296.4300000000003
2015-11-02,6054.0,1559.2200000000012,1740.4000000000087,655.0999999999985,1079.429999999993,49.51000000000204,728.0800000000017
2015-11-03,5261.0,1310.9599999999919,1198.5999999999913,526.8499999999985,1004.8399999999965,74.80999999999767,893.3199999999997
2015-11-04,6106.0,1603.5199999999895,1740.3999999999942,643.3499999999985,1106.9199999999983,77.51000000000204,686.760000000002
2015-11-05,6130.0,1416.199999999997,1763.800000000003,696.0499999999956,1124.75,156.88999999999942,726.2400000000052
2015-11-06,5473.0,1238.4700000000012,1671.1000000000058,613.7700000000041,955.6900000000023,193.77000000000044,542.1500000000015
2015-11-07,2765.0,551.9600000000064,674.7000000000116,264.9499999999971,699.5499999999884,0.6699999999982538,452.5900000000038
2015-11-08,2747.0,626.6600000000035,641.2999999999884,236.9300000000003,777.3999999999942,0.5200000000004366,347.75
2015-11-09,5919.0,1513.8299999999872,1706.0,627.5900000000038,1143.2699999999895,16.029999999998836,657.6500000000015
2015-11-10,6109.0,1561.1300000000047,1765.6000000000058,622.0399999999936,1230.3500000000058,2.430000000000291,670.0800000000017
2015-11-11,3418.0,901.4600000000064,733.9000000000233,273.0699999999997,634.9899999999907,0.6100000000005821,764.3400000000038
2015-11-12,6178.0,1441.9700000000012,1742.7000000000116,614.1399999999994,1263.4900000000052,0.7000000000007276,865.1599999999889
2015-11-13,5919.0,1437.2599999999948,1620.1999999999825,589.8399999999965,1093.429999999993,6.399999999997817,922.3499999999913
2015-11-14,3417.0,757.070000000007,609.1000000000058,234.99000000000524,858.4799999999959,0.4099999999998545,858.9400000000023
2015-11-15,3211.0,669.429999999993,600.3999999999942,234.70000000000437,801.5100000000093,0.6700000000018917,804.4100000000035
2015-11-16,6094.0,1542.5,1688.2999999999884,640.8800000000047,1241.8600000000006,1.2199999999975262,735.7299999999959
2015-11-17,6558.0,1447.6000000000058,1768.7999999999884,622.9100000000035,1537.5299999999988,0.4099999999998545,972.4000000000087
2015-11-18,6366.0,1448.0999999999913,1761.1000000000058,634.7900000000009,1302.3399999999965,0.7000000000007276,990.1999999999971
2015-11-19,6145.0,1333.9000000000087,1750.8000000000175,595.7200000000012,1208.0899999999965,0.6399999999994179,1019.0900000000111
2015-11-20,5812.0,1444.7999999999884,1662.3999999999942,588.4800000000032,962.2799999999988,0.6500000000014552,900.1399999999994
2015-11-21,3420.0,553.3000000000029,697.7999999999884,249.86999999999534,1003.4800000000105,0.3899999999994179,820.4600000000064
2015-11-22,3017.0,615.8999999999942,659.3999999999942,248.0699999999997,651.2200000000012,0.5600000000013097,734.9199999999983
2015-11-23,6471.0,1469.199999999997,1731.5,676.7799999999988,1655.020000000004,0.2999999999992724,738.070000000007
2015-11-24,6550.0,1507.3999999999942,1700.0,611.9800000000032,1613.199999999997,0.42000000000189175,995.7699999999895
2015-11-25,5103.0,1385.4000000000087,1219.3999999999942,453.41999999999825,1379.7000000000116,0.48999999999796273,586.3000000000029
2015-11-26,2676.0,643.3000000000029,601.7000000000116,224.66999999999825,647.1999999999971,0.6399999999994179,575.929999999993
2015-11-27,2345.0,402.79999999998836,623.3999999999942,225.17000000000553,650.4000000000087,0.6500000000014552,452.34000000001106
2015-11-28,2686.0,695.9000000000087,613.4000000000233,225.20999999999913,772.4000000000087,0.5499999999992724,395.90000000000873
2015-11-29,3270.0,732.8999999999942,615.2999999999884,224.11000000000058,1062.2000000000116,0.3100000000013097,667.8000000000029
2015-11-30,6684.0,1489.2999999999884,1705.7000000000116,651.1100000000006,1630.3999999999942,0.2599999999983993,1123.0
2015-12-01,6454.0,1660.0,1711.7000000000116,614.9499999999971,1345.0,0.4099999999998545,1027.0400000000081
2015-12-02,6361.0,1499.800000000003,1746.0,631.2900000000009,1286.0999999999913,0.7000000000007276,1092.2300000000105
2015-12-03,5228.0,1326.199999999997,1532.8999999999942,591.0200000000041,1117.800000000003,0.569999999999709,556.3399999999965
2015-12-04,5694.0,1468.199999999997,1383.8999999999942,521.2000000000044,1370.800000000003,0.5,835.7700000000041
2015-12-05,3493.0,796.3000000000029,714.5,250.59999999999854,1018.7999999999884,0.4699999999975262,745.9200000000128
2015-12-06,3546.0,831.1999999999971,613.0,223.99000000000524,884.9000000000087,0.5300000000024738,1027.87999999999
2015-12-07,6477.0,1626.699999999997,1754.8999999999942,603.6699999999983,1202.3999999999942,0.6100000000005821,1202.8300000000017
2015-12-08,6676.0,1581.8999999999942,1796.2000000000116,604.3299999999945,1248.800000000003,0.4499999999970896,1358.25
2015-12-09,6532.0,1601.3999999999942,1762.1000000000058,627.9599999999991,1239.800000000003,0.5900000000001455,1210.7699999999895
2015-12-10,6277.0,1426.8000000000175,1749.1999999999825,665.8799999999974,1171.4000000000087,0.7400000000016007,1165.0899999999965
2015-12-11,5913.0,1572.0999999999767,1665.2999999999884,557.2699999999968,1127.199999999997,0.7200000000011642,888.6999999999971
2015-12-12,3202.0,683.4000000000233,644.7000000000116,232.75,692.3000000000029,0.680000000000291,977.320000000007
2015-12-13,2948.0,778.8999999999942,613.1000000000058,210.66999999999825,669.8999999999942,0.6400000000030559,698.75
2015-12-14,5650.0,1433.9000000000233,1716.3999999999942,667.760000000002,1230.199999999997,0.6399999999994179,498.6399999999994
2015-12-15,5546.0,1529.7999999999884,1679.8000000000175,600.4400000000023,1138.8999999999942,0.5799999999981083,492.54000000000815
2015-12-16,5894.0,1511.5,1665.7000000000116,612.4300000000003,1309.800000000003,0.5999999999985448,656.1699999999983
2015-12-17,5686.0,1459.6000000000058,1764.3999999999942,596.3499999999985,1205.6000000000058,0.6199999999989814,511.5100000000093
2015-12-18,5697.0,1571.7000000000116,1597.6999999999825,581.6200000000026,1268.0999999999913,0.5400000000008731,519.6900000000023
2015-12-19,4061.0,911.6999999999825,647.1000000000058,196.02999999999884,998.3000000000029,0.3499999999985448,1354.9100000000035
2015-12-20,3572.0,811.0,584.2000000000116,195.4300000000003,1004.1000000000058,0.3400000000001455,1020.8700000000099
2015-12-21,5814.0,1566.8000000000175,1660.7000000000116,596.2800000000061,1222.300000000003,0.6300000000010186,659.0400000000081
2015-12-22,5898.0,1474.8000000000175,1637.1999999999825,578.2000000000044,1151.7000000000116,0.6000000000021828,936.9100000000035
2015-12-23,5647.0,1473.0,1570.2000000000116,554.3099999999977,1154.3999999999942,0.6299999999973807,767.1999999999971
2015-12-24,2508.0,576.6999999999825,620.6000000000058,195.36000000000058,665.5999999999767,0.6100000000005821,467.5
2015-12-25,1768.0,584.2999999999884,394.20000000001164,167.84000000001106,420.0,0.5,213.10000000000582
2015-12-26,2586.0,926.3999999999942,573.2999999999884,248.72000000000116,640.7000000000116,0.7099999999991269,215.89999999999418
2015-12-27,2762.0,980.7000000000116,599.1000000000058,247.63999999999942,754.2999999999884,0.5099999999983993,206.6999999999971
2015-12-28,3959.0,959.1999999999825,726.3999999999942,416.6100000000006,1377.8000000000175,0.10000000000218279,535.6999999999971
2015-12-29,4090.0,1191.6999999999825,692.8999999999942,291.66999999999825,1388.3999999999942,0.07999999999810825,589.1999999999971
2015-12-30,4107.0,1217.5,674.0,337.86999999999534,1338.6000000000058,0.06999999999970896,600.6000000000058
2015-12-31,3428.0,1014.6999999999825,618.7999999999884,469.38000000000466,898.6999999999825,0.42000000000189175,467.70000000001164
2016-01-01,3401.0,999.0,554.2000000000116,326.1000000000058,1011.8000000000175,0.3099999999976717,558.2999999999884
2016-01-02,3492.0,1077.5,555.7000000000116,305.08000000000175,1098.0,0.36999999999898137,506.79999999998836
2016-01-03,3815.0,1080.0,565.7999999999884,193.04999999998836,1019.7000000000116,0.3500000000021828,1008.3000000000029
2016-01-04,7238.0,1866.2000000000116,1656.7999999999884,583.1800000000076,1661.3999999999942,0.0,1414.3999999999942
2016-01-05,6911.0,1712.6000000000058,1617.3999999999942,560.3500000000058,1659.5,0.0,1396.9000000000087
2016-01-06,6894.0,1850.6000000000058,1604.1000000000058,591.2200000000012,1533.8999999999942,0.38000000000101863,1309.5
2016-01-07,6593.0,1744.7999999999884,1619.3999999999942,626.3099999999977,1537.0999999999767,0.3599999999969441,1043.3999999999942
2016-01-08,6527.0,1754.2000000000116,1528.2000000000116,533.5500000000029,1272.5999999999767,0.38000000000101863,1410.199999999997
2016-01-09,4261.0,994.0999999999767,582.2999999999884,191.3799999999901,715.1000000000058,0.31999999999970896,1829.0
2016-01-10,3485.0,1144.2999999999884,573.2000000000116,196.92999999999302,664.7000000000116,0.5599999999976717,946.8000000000029
2016-01-11,6363.0,1741.6000000000058,1580.1999999999825,567.3300000000017,1585.6999999999825,0.1500000000014552,864.2999999999884
2016-01-12,6701.0,1832.3000000000175,1581.7000000000116,591.8600000000006,1556.0,0.23999999999796273,1116.800000000003
2016-01-13,6457.0,1321.2999999999884,1599.2999999999884,585.7900000000081,1588.2999999999884,0.07000000000334694,1335.5
2016-01-14,6388.0,1337.2000000000116,1562.7999999999884,586.6500000000087,1617.1000000000058,0.13999999999941792,1254.1000000000058
2016-01-15,6265.0,1587.6999999999825,1602.1000000000058,542.0200000000041,1356.3999999999942,0.3400000000001455,1142.300000000003
2016-01-16,3195.0,858.8999999999942,598.7000000000116,229.47000000000116,1096.2000000000116,0.19999999999708962,461.0
2016-01-17,3499.0,1005.0,603.5,235.35000000000582,1145.5,0.18000000000029104,567.0999999999913
2016-01-18,3930.0,932.6999999999825,604.3000000000175,237.11000000000058,1224.7999999999884,0.030000000002473826,997.0999999999913
2016-01-19,6879.0,1586.6000000000058,1593.5999999999767,561.6500000000087,1652.3999999999942,0.0,1514.7999999999884
2016-01-20,6551.0,1401.6000000000058,1607.5999999999767,563.6900000000023,1594.3999999999942,0.09999999999854481,1344.6000000000058
2016-01-21,6197.0,1250.1000000000058,1611.3999999999942,557.7900000000081,1621.5,0.13000000000101863,1137.699999999997
2016-01-22,6005.0,1411.2000000000116,1552.0999999999767,533.8300000000017,1598.0,0.09000000000014552,930.6999999999971
2016-01-23,3866.0,966.0,630.0,232.44000000000233,1248.6000000000058,0.0,852.6000000000058
2016-01-24,3702.0,959.0,775.5,216.0,1177.3999999999942,0.2599999999983993,634.0
2016-01-25,5813.0,1227.6000000000058,1513.1000000000058,531.4199999999983,1551.7000000000116,0.37000000000261934,999.9999999999854
2016-01-26,5553.0,1353.7000000000116,1421.8999999999942,560.4400000000023,1216.2000000000116,0.7099999999991269,1006.1000000000058
2016-01-27,5192.0,1229.5999999999767,1347.5,492.0399999999936,1381.6000000000058,0.47000000000116415,742.3999999999942
2016-01-28,5820.0,1289.7999999999884,1621.0,563.7299999999959,1458.3999999999942,0.47999999999956344,851.5999999999767
2016-01-29,5435.0,1242.1000000000058,1297.3000000000175,507.5899999999965,1378.5,0.4000000000014552,958.2999999999884
2016-01-30,3366.0,1041.3000000000175,693.8999999999942,199.88000000000466,1239.3999999999942,0.6199999999989814,239.40000000002328
2016-01-31,3674.0,1179.2999999999884,663.8999999999942,200.6999999999971,1092.1000000000058,0.75,584.3000000000175
2016-02-01,5231.0,1235.8000000000175,1598.1000000000058,558.1399999999994,1163.7000000000116,11.150000000001455,621.4000000000233
2016-02-02,5958.0,1193.0,1616.6000000000058,548.25,1370.6000000000058,0.5099999999983993,1180.1000000000058
2016-02-03,5726.0,1239.1000000000058,1659.0,620.8500000000058,1243.7000000000116,0.6300000000010186,891.3999999999942
2016-02-04,5109.0,1225.6999999999825,1619.6000000000058,591.6399999999994,1019.6000000000058,0.6599999999998545,605.6000000000058
2016-02-05,4089.0,868.2999999999884,914.3999999999942,355.86999999999534,1315.2999999999884,0.08000000000174623,557.8000000000175
2016-02-06,3677.0,645.3999999999942,665.1999999999825,245.13000000000466,1119.9000000000233,0.3400000000001455,1051.0
2016-02-07,3130.0,735.0,609.8999999999942,210.4499999999971,923.8999999999942,0.5099999999983993,690.0
2016-02-08,3731.0,756.6999999999825,748.2000000000116,258.7399999999907,1157.6999999999825,0.0,837.8999999999942
2016-02-09,6167.0,1289.3999999999942,1618.5,543.0899999999965,1555.3999999999942,0.08000000000174623,1157.0
2016-02-10,5897.0,1245.0,1602.8999999999942,564.4000000000087,1502.0,0.2599999999983993,914.5
2016-02-11,6829.0,1422.0999999999767,1742.6999999999825,652.8800000000047,1618.8999999999942,0.06000000000130967,1316.2999999999884
2016-02-12,6409.0,1202.2999999999884,1518.2000000000116,493.14000000001397,1626.1999999999825,0.06999999999970896,1594.6000000000058
2016-02-13,4962.0,853.7000000000116,695.0,196.91999999999825,1353.0,0.0,1942.1000000000058
2016-02-14,5214.0,719.0999999999767,806.1999999999825,201.0,1552.2999999999884,0.0,2026.8999999999942
2016-02-15,3678.0,646.7999999999884,763.8999999999942,209.14999999999418,1146.0,0.029999999998835847,975.3999999999942
2016-02-16,3508.0,798.2999999999884,888.8000000000175,291.06999999999243,839.5999999999767,0.6899999999986903,741.2999999999884
2016-02-17,3716.0,537.2999999999884,861.2999999999884,287.54000000000815,1242.0999999999767,0.3900000000030559,848.1999999999825
2016-02-18,4203.0,832.0,815.0,323.1499999999942,1333.2000000000116,0.17999999999665306,955.3000000000175
2016-02-19,3161.0,474.1000000000058,848.0,271.9499999999971,1125.0,0.46000000000276486,474.5
2016-02-20,2240.0,372.5,705.8999999999942,197.92999999999302,636.1999999999825,0.7199999999975262,346.3999999999942
2016-02-21,2710.0,437.0,749.7000000000116,218.35000000000582,673.5,0.7299999999995634,659.1000000000058
2016-02-22,5734.0,1181.8999999999942,1553.6999999999825,548.5599999999977,1508.5,0.3900000000030559,950.1000000000058
2016-02-23,5757.0,1193.8999999999942,1648.6999999999825,549.3099999999977,1277.3999999999942,0.37999999999738066,1031.1000000000058
2016-02-24,5678.0,1123.3000000000175,1600.3000000000175,557.5299999999988,1273.1999999999825,0.5400000000008731,1011.8999999999942
2016-02-25,5277.0,1098.4000000000233,1622.0,534.3500000000058,920.1000000000058,10.930000000000291,980.2000000000116
2016-02-26,5723.0,1112.8999999999942,1514.3000000000175,543.3499999999913,1482.2999999999884,0.2999999999992724,968.8000000000175
2016-02-27,3741.0,431.5,770.1999999999534,229.19000000000233,1157.5,0.5200000000004366,1208.7000000000116
2016-02-28,2189.0,508.20000000001164,597.4000000000233,221.27999999999884,660.3999999999942,0.7099999999991269,217.20000000001164
2016-02-29,5263.0,1312.8999999999942,1618.100000000035,614.679999999993,1125.8999999999942,6.389999999999418,472.70000000001164
2016-03-01,5856.0,1744.7000000000116,1605.5,555.6499999999942,1332.2999999999884,0.6399999999994179,498.6000000000058
2016-03-02,5618.0,1349.3000000000175,1614.5,561.179999999993,1435.2000000000116,0.31999999999970896,525.2999999999884
2016-03-03,6145.0,1345.0,1606.600000000035,618.9899999999907,1580.0,0.16999999999825377,926.3999999999942
2016-03-04,6574.0,1374.7000000000116,1532.399999999965,542.2700000000041,1548.2999999999884,0.020000000000436557,1520.8000000000175
2016-03-05,4253.0,481.69999999998254,663.5999999999767,253.77999999999884,1192.5,0.2999999999992724,1723.7000000000116
2016-03-06,4374.0,534.8999999999942,674.3000000000466,242.24000000000524,1248.6000000000058,0.43000000000029104,1737.1000000000058
2016-03-07,5563.0,1357.1999999999825,1604.5,575.2299999999959,1474.6999999999825,0.5500000000029104,498.6000000000058
2016-03-08,5672.0,1294.6000000000058,1650.1999999999534,605.9800000000105,1322.1000000000058,12.069999999999709,675.0
2016-03-09,5861.0,1385.5,1694.0999999999767,574.4599999999919,1251.0,119.09999999999854,736.2000000000116
2016-03-10,5777.0,1364.0,1760.2999999999884,572.0800000000017,1150.0,143.11000000000058,691.2999999999884
2016-03-11,5617.0,1175.6000000000058,1266.5,498.4600000000064,1224.7000000000116,19.739999999997963,1281.6000000000058
2016-03-12,3750.0,323.0,606.5,202.4100000000035,985.8999999999942,0.7200000000011642,1669.6000000000058
2016-03-13,3484.0,421.8999999999942,685.7000000000116,212.0500000000029,811.6000000000058,0.7900000000008731,1377.8000000000175
2016-03-14,5346.0,1220.1000000000058,1573.2999999999884,550.3000000000029,1295.3999999999942,0.6799999999966531,540.8999999999942
2016-03-15,5742.0,1249.8999999999942,1640.0,575.4000000000087,1310.1000000000058,0.7299999999995634,800.3000000000175
2016-03-16,5429.0,1235.6000000000058,1636.5,567.5,1229.6999999999825,23.580000000001746,561.8999999999942
2016-03-17,5630.0,1243.3999999999942,1593.2000000000116,574.1999999999971,1209.8000000000175,51.090000000000146,788.0999999999767
2016-03-18,5455.0,1139.8000000000175,1546.5999999999767,559.6999999999971,1391.1999999999825,3.069999999999709,648.5999999999767
2016-03-19,4251.0,540.3999999999942,886.5999999999767,220.1999999999971,1270.3000000000175,0.4900000000016007,1391.7999999999884
2016-03-20,2535.0,436.29999999998836,574.7999999999884,205.5,1100.8999999999942,0.4599999999991269,251.0
2016-03-21,3092.0,529.0,631.6000000000349,201.10000000000582,1058.5,0.42000000000189175,572.0
2016-03-22,5608.0,1467.1000000000058,1578.2000000000116,542.3999999999942,1362.0,0.8999999999978172,520.2000000000116
2016-03-23,5873.0,1337.2000000000116,1691.0,581.0,1232.6000000000058,38.400000000001455,876.5
2016-03-24,5364.0,1202.0,1547.0,558.1000000000058,1305.3999999999942,0.5300000000024738,607.3000000000175
2016-03-25,2798.0,579.6999999999825,652.9000000000233,236.5,933.0,0.5399999999972351,405.3999999999942
2016-03-26,2748.0,530.0,547.8000000000466,222.5,944.2000000000116,0.4400000000023283,535.6000000000058
2016-03-27,2714.0,359.30000000001746,600.4000000000233,220.3000000000029,792.5999999999767,0.5900000000001455,770.0
2016-03-28,5435.0,1278.6000000000058,1645.9000000000233,557.5,1292.0,0.5900000000001455,536.0
2016-03-29,6025.0,1300.3000000000175,1595.0999999999767,545.5,1343.0,0.5400000000008731,1116.3999999999942
2016-03-30,5605.0,1259.0,1592.0,576.1999999999971,1236.2999999999884,24.389999999999418,796.0
2016-03-31,5371.0,1159.0,1637.4000000000233,571.0,1146.8999999999942,154.09999999999854,555.2000000000116
2016-04-01,5958.0,1351.5,1565.7999999999884,531.3999999999942,1027.4000000000233,261.77000000000044,1058.6000000000058
2016-04-02,3548.0,405.3999999999942,603.4000000000233,191.29999999998836,760.7000000000116,0.6399999999994179,1616.0
2016-04-03,3888.0,510.0,638.1000000000349,191.5,1111.6000000000058,0.22999999999956344,1485.7000000000116
2016-04-04,5830.0,1218.0999999999767,1575.100000000035,531.6999999999971,1625.0999999999767,0.0,812.5
2016-04-05,5983.0,1240.1000000000058,1593.0999999999767,554.8999999999942,1649.8000000000466,0.3000000000029104,872.5
2016-04-06,5724.0,1306.3999999999942,1568.4000000000233,567.3000000000029,1311.2999999999884,0.8099999999976717,877.2999999999884
2016-04-07,5397.0,1343.5,1581.0,614.1999999999971,1125.7999999999884,0.6399999999994179,633.3999999999942
2016-04-08,5259.0,1210.2999999999884,1479.5,561.0,1313.5999999999767,0.5799999999981083,610.3999999999942
2016-04-09,2454.0,387.1000000000349,578.0,218.6999999999971,901.7000000000116,0.6000000000021828,391.80000000001746
2016-04-10,2664.0,364.0,583.1000000000349,194.6999999999971,815.2999999999884,0.680000000000291,733.0
2016-04-11,5522.0,1252.4000000000233,1578.7999999999884,563.1000000000058,1152.7999999999884,0.6500000000014552,908.6000000000058
2016-04-12,5819.0,1229.2999999999884,1627.2999999999884,547.1999999999971,1131.9000000000233,29.720000000001164,1123.1000000000058
2016-04-13,6023.0,1286.2999999999884,1601.2999999999884,553.8000000000029,1264.899999999965,29.110000000000582,1149.2999999999884
2016-04-14,5771.0,1141.9000000000233,1576.2999999999884,608.6000000000058,1283.100000000035,40.63999999999942,959.8999999999942
2016-04-15,5373.0,1114.7000000000116,1457.0,495.1999999999971,1077.7000000000116,58.5,1003.7000000000116
2016-04-16,3257.0,347.70000000001164,559.2000000000116,192.0,739.4000000000233,0.7000000000007276,1443.8000000000175
2016-04-17,2621.0,314.29999999998836,581.5999999999767,190.39999999999418,717.2000000000116,0.7199999999975262,838.1000000000058
2016-04-18,2184.0,334.29999999998836,556.7999999999884,191.6999999999971,667.7000000000116,0.6500000000014552,447.9000000000233
2016-04-19,2469.0,401.5,675.7999999999884,338.0,752.8000000000466,0.6300000000010186,313.8999999999942
2016-04-20,2560.0,365.79999999998836,676.7999999999884,361.6000000000058,804.2999999999884,0.6199999999989814,366.70000000001164
2016-04-21,2630.0,287.30000000004657,669.7999999999884,268.0,772.4000000000233,1.5099999999983993,684.3999999999942
2016-04-22,3021.0,359.79999999998836,748.5999999999767,232.3000000000029,752.2000000000116,5.430000000000291,983.0
2016-04-23,1890.0,341.30000000004657,534.6000000000349,189.20000000001164,654.3000000000466,0.569999999999709,216.70000000001164
2016-04-24,2154.0,341.0,574.7999999999884,189.5,680.5,0.7099999999991269,417.1000000000058
2016-04-25,5242.0,1161.2000000000116,1559.9000000000233,547.0,1084.7000000000116,69.20999999999913,699.2999999999884
2016-04-26,5624.0,1248.399999999965,1629.7999999999884,606.2999999999884,1360.7999999999884,0.4900000000016007,643.3000000000175
2016-04-27,5455.0,1147.399999999965,1550.1999999999534,552.3999999999942,1172.5,62.39999999999782,832.7999999999884
2016-04-28,5334.0,1168.5,1519.5,584.8999999999942,1150.100000000035,56.85000000000218,714.8999999999942
2016-04-29,5175.0,1141.0,1475.0999999999767,553.5,1152.7999999999884,40.88999999999942,667.9000000000233
2016-04-30,2429.0,321.80000000004657,549.7000000000116,199.1999999999971,676.8000000000466,0.7800000000024738,741.0
2016-05-01,1928.0,348.20000000001164,561.5999999999767,202.5,654.5,0.6699999999982538,212.70000000001164
2016-05-02,5752.0,1256.7000000000116,1572.7999999999884,572.1999999999971,1245.600000000035,0.6300000000010186,978.8999999999942
2016-05-03,5202.0,1150.5,1546.7000000000116,523.5,1171.399999999965,11.409999999999854,656.7999999999884
2016-05-04,5234.0,1158.2999999999884,1542.2999999999884,558.3000000000029,1176.399999999965,4.200000000000728,652.7999999999884
2016-05-05,5528.0,1190.600000000035,1558.100000000035,622.1000000000058,1215.399999999965,0.6299999999973807,892.1999999999825
2016-05-06,5006.0,1161.5,1470.6999999999534,522.1999999999971,1060.7999999999884,104.86000000000058,564.3000000000175
2016-05-07,3481.0,382.0,619.7999999999884,230.70000000001164,778.0,0.6099999999969441,1547.0
2016-05-08,1887.0,305.5,548.2999999999884,190.90000000000873,682.0,0.6199999999989814,211.29999999998836
2016-05-09,5031.0,1169.7999999999884,1472.0,545.8000000000029,1097.2999999999884,76.38999999999942,535.5
2016-05-10,5160.0,1182.1999999999534,1495.4000000000233,546.6000000000058,1111.8000000000466,133.1700000000019,541.6000000000058
2016-05-11,5327.0,1143.5999999999767,1500.2999999999884,549.7999999999884,1068.5999999999767,222.22999999999956,687.0
2016-05-12,5379.0,1172.9000000000233,1499.2999999999884,536.6999999999971,1061.5,243.02999999999884,702.6999999999825
2016-05-13,5533.0,1145.600000000035,1318.0,492.90000000000873,1013.6000000000349,261.630000000001,1149.5999999999767
2016-05-14,3504.0,279.1000000000349,565.2999999999884,198.0,733.2000000000116,1.2200000000011642,1798.7000000000116
2016-05-15,2342.0,339.0999999999767,592.4000000000233,196.5,683.1000000000349,0.6599999999998545,582.2999999999884
2016-05-16,5393.0,1055.0,1509.4000000000233,541.3000000000029,1128.2000000000116,42.030000000002474,957.6000000000058
2016-05-17,5853.0,1188.2000000000116,1536.5999999999767,558.0,1051.7000000000116,203.14999999999782,1144.6999999999825
2016-05-18,5882.0,1229.600000000035,1531.4000000000233,562.3999999999942,1028.0999999999767,195.1800000000003,1150.0999999999767
2016-05-19,5473.0,1204.0999999999767,1556.2999999999884,618.6000000000058,1060.7999999999884,225.52000000000044,705.3999999999942
2016-05-20,5441.0,1190.2000000000116,1439.2999999999884,547.6999999999971,1008.5999999999767,252.4900000000016,815.1000000000058
2016-05-21,3801.0,308.8999999999651,585.2999999999884,199.10000000000582,740.3999999999651,1.0499999999992724,2010.5
2016-05-22,2223.0,321.79999999998836,585.0999999999767,200.60000000000582,654.2999999999884,0.5799999999981083,484.29999999998836
2016-05-23,5849.0,1163.600000000035,1549.5,579.8000000000029,1061.7000000000116,300.6800000000003,1048.6000000000058
2016-05-24,5527.0,1176.3000000000466,1577.8000000000466,581.6000000000058,1019.9000000000233,147.29999999999927,799.6999999999825
2016-05-25,6632.0,1500.399999999965,1644.2999999999884,647.6000000000058,1047.3000000000466,380.34000000000015,1202.0
2016-05-26,6684.0,1318.7000000000116,1843.100000000035,633.7000000000116,999.0,513.0499999999993,1195.6999999999825
2016-05-27,6324.0,1222.2000000000116,1585.0,547.8999999999942,951.2999999999884,443.869999999999,1477.7999999999884
2016-05-28,2219.0,299.29999999998836,759.8000000000466,217.09999999997672,709.3999999999651,0.5800000000017462,258.0
2016-05-29,2268.0,309.5,872.2999999999884,213.79999999998836,657.1999999999534,0.5999999999985448,239.5
2016-05-30,2371.0,328.20000000001164,647.0,214.60000000000582,662.1000000000349,0.5800000000017462,545.2999999999884
2016-05-31,7292.0,1350.2000000000116,1851.0999999999767,611.4000000000233,911.5,556.869999999999,1912.7000000000116
2016-06-01,6096.0,1241.0999999999767,1985.6999999999534,596.5,879.2000000000116,439.66999999999825,744.2000000000116
2016-06-02,5739.0,1193.600000000035,1770.0,574.4000000000233,964.7999999999884,353.84000000000015,670.1000000000058
2016-06-03,5615.0,1179.100000000035,1352.2999999999884,515.7999999999884,885.5999999999767,322.5,1283.1000000000058
2016-06-04,3737.0,345.9000000000233,714.7000000000116,286.0,753.3999999999651,94.10999999999694,1565.1999999999825
2016-06-05,2504.0,251.40000000002328,608.5,156.39999999999418,577.1000000000349,0.8200000000033469,936.0999999999767
2016-06-07,4234.0,833.4000000000233,1431.600000000035,408.80000000001746,720.5999999999767,253.9200000000019,466.80000000001746
2016-06-08,5970.0,1165.7000000000116,1826.100000000035,577.0,926.2999999999884,244.29999999999927,1031.2000000000116
2016-06-09,5737.0,1049.899999999965,1665.5,588.8999999999942,979.2999999999884,135.22999999999956,1114.7000000000116
2016-06-10,5522.0,1060.7999999999884,1586.0,532.4000000000233,946.5999999999767,133.09000000000015,1083.3999999999942
2016-06-11,3196.0,344.5,606.1999999999534,241.5,728.2999999999884,0.6000000000021828,1336.3999999999942
2016-06-12,3037.0,267.0,644.2999999999884,217.30000000001746,749.0,0.5200000000004366,1220.6000000000058
2016-06-13,5742.0,1159.4000000000233,1666.5,598.2000000000116,974.2999999999884,190.10000000000218,1019.6000000000058
2016-06-14,5759.0,1163.0999999999767,1619.5,554.3999999999942,959.0999999999767,205.03999999999724,1152.5
2016-06-15,5837.0,1230.2000000000116,1609.5999999999767,618.2000000000116,927.7999999999884,341.72000000000116,1054.3999999999942
2016-06-16,6654.0,1298.7000000000116,1780.0999999999767,604.5,934.9000000000233,370.10999999999694,1550.8999999999942
2016-06-17,5340.0,1143.0,1689.7000000000116,555.7000000000116,939.2000000000116,311.72999999999956,548.0
2016-06-18,3596.0,239.39999999996508,551.5,198.0,704.2000000000116,98.76000000000204,1841.2000000000116
2016-06-19,1875.0,234.79999999998836,579.2000000000116,199.89999999999418,694.7000000000116,0.680000000000291,212.0
2016-06-20,6462.0,1384.0999999999767,1732.600000000035,576.0,943.7000000000116,482.4900000000016,1176.9000000000233
2016-06-21,6517.0,1434.7000000000116,1563.0999999999767,530.0,911.7000000000116,481.8899999999994,1521.8000000000466
2016-06-22,5778.0,1176.7999999999884,1268.5,532.8999999999942,934.5,293.8199999999997,1449.7000000000116
2016-06-23,5799.0,1042.600000000035,1327.4000000000233,451.20000000001164,938.5999999999767,324.880000000001,1592.7000000000116
2016-06-24,4085.0,944.0,869.1000000000349,416.79999999998836,777.0,304.1899999999987,673.2000000000116
2016-06-25,2574.0,274.19999999995343,432.79999999998836,162.89999999999418,675.2000000000116,1.9600000000027649,1082.100000000035
2016-06-26,1817.0,263.6000000000349,542.1000000000349,163.89999999999418,668.2999999999884,0.8100000000013097,225.0
2016-06-27,4291.0,1413.3000000000466,880.7999999999884,264.19999999998254,775.9000000000233,530.0399999999972,316.9000000000233
2016-06-28,3712.0,1264.9000000000233,905.0,298.0,778.2999999999884,180.14999999999782,312.0
2016-06-29,4480.0,1611.5,937.2000000000116,328.6000000000058,812.0,419.7000000000007,289.5
2016-06-30,4498.0,1729.0,963.3000000000466,339.0,813.5,332.3600000000006,237.79999999998836
2016-07-01,3740.0,1118.1999999999534,987.2000000000116,273.0,775.0999999999767,304.1600000000035,245.70000000001164
2016-07-02,2021.0,227.20000000001164,776.5999999999767,177.0,690.6000000000349,0.32999999999447027,201.0
2016-07-03,2110.0,291.79999999998836,804.0,178.80000000001746,689.2000000000116,0.2400000000052387,200.70000000001164
2016-07-04,2814.0,403.0,793.1000000000349,178.60000000000582,689.7999999999884,0.2699999999967986,812.7000000000116
2016-07-05,4535.0,1577.4000000000233,1017.0,317.79999999998836,773.2999999999884,533.0199999999968,243.09999999997672
2016-07-06,5076.0,1679.899999999965,1163.2999999999884,347.8999999999942,804.3999999999651,558.8700000000026,229.0
2016-07-07,4587.0,1634.399999999965,907.5,340.80000000001746,818.6000000000349,385.97000000000116,303.0
2016-07-08,3765.0,1366.8000000000466,801.2000000000116,277.70000000001164,732.9000000000233,247.7699999999968,244.5
2016-07-09,1718.0,307.0999999999767,428.80000000004657,174.5,643.4000000000233,0.41000000000349246,209.09999999997672
2016-07-10,1701.0,250.39999999996508,463.6000000000349,175.60000000000582,647.5,0.4099999999962165,207.79999999998836
2016-07-11,2730.0,627.0999999999767,637.2000000000116,358.79999999998836,788.2000000000116,91.8900000000067,249.90000000002328
2016-07-12,3350.0,685.2999999999884,701.3000000000466,470.6000000000058,831.9000000000233,317.36999999999534,251.79999999998836
2016-07-13,4604.0,1208.100000000035,1104.2000000000116,430.19999999998254,804.9000000000233,473.9300000000003,293.4000000000233
2016-07-14,5014.0,1521.9000000000233,1434.7000000000116,491.3999999999942,778.0999999999767,258.4800000000032,293.3999999999651
2016-07-15,5255.0,1957.100000000035,1395.0,316.5,768.2000000000116,279.02999999999884,238.19999999995343
2016-07-16,4097.0,1598.4000000000233,1091.100000000035,191.5,700.5999999999767,0.25,198.80000000004657
2016-07-17,4002.0,1508.100000000035,1095.4000000000233,186.79999999998836,684.7000000000116,0.2699999999967986,203.89999999996508
2016-07-18,5794.0,1830.0,1364.5999999999767,321.20000000001164,790.7000000000116,298.8199999999997,885.0
2016-07-19,5108.0,1671.9000000000233,1263.7000000000116,336.79999999998836,754.5,264.67000000000553,464.5999999999767
2016-07-20,4996.0,1685.7000000000116,1146.9000000000233,407.20000000001164,792.2999999999884,155.16999999999825,502.70000000001164
2016-07-21,5027.0,1721.7000000000116,1263.399999999965,338.1000000000058,797.7000000000116,180.02999999999884,451.79999999998836
2016-07-22,6725.0,1732.5,1049.0999999999767,303.5,820.5,311.1399999999994,2176.2000000000116
2016-07-23,5203.0,1498.5999999999767,504.9000000000233,178.0,724.2000000000116,0.20000000000436557,1878.100000000035
2016-07-24,4503.0,1410.5,520.5,178.90000000002328,709.5999999999767,0.23999999999796273,1257.0
2016-07-25,5662.0,1872.100000000035,856.0999999999767,299.0,820.5,621.4099999999962,718.7999999999884
2016-07-26,6388.0,1941.0999999999767,1525.7999999999884,386.0,856.6999999999534,626.9600000000064,551.7999999999884
2016-07-27,6188.0,1918.4000000000233,1685.2999999999884,393.0,827.6000000000349,540.3899999999994,345.20000000001164
2016-07-28,6263.0,1958.0,1639.0999999999767,388.0,809.2000000000116,618.9199999999983,348.3999999999651
2016-07-29,5659.0,1840.7000000000116,1439.600000000035,329.20000000001164,788.7000000000116,272.0,592.5
2016-07-30,4067.0,1334.7000000000116,1049.7999999999884,170.79999999998836,715.7000000000116,0.25,383.1000000000349
2016-07-31,4118.0,1405.2000000000116,1026.2999999999884,166.79999999998836,663.5,0.3499999999985448,446.5
2016-08-01,6520.0,1815.3000000000466,1456.7000000000116,415.5999999999767,758.0,335.3199999999997,1313.8000000000466
2016-08-02,6517.0,1708.0999999999767,1447.0,557.0,820.1000000000349,265.1100000000006,1307.1999999999534
2016-08-03,5789.0,1561.2999999999884,1207.7999999999884,403.1000000000058,796.4000000000233,149.25,1325.7000000000116
2016-08-04,6245.0,1595.0,1443.0,523.1999999999825,846.0,164.2699999999968,1361.7999999999884
2016-08-05,5944.0,1414.5,1593.0,352.80000000001746,822.6999999999534,189.8900000000067,1322.3000000000466
2016-08-06,3903.0,1145.7999999999884,762.2000000000116,150.69999999998254,758.9000000000233,0.6399999999994179,982.5999999999767
2016-08-07,3373.0,1017.2999999999884,521.7000000000116,149.39999999999418,735.7999999999884,0.31000000000494765,934.3999999999651
2016-08-08,3160.0,894.7000000000116,623.6000000000349,254.89999999999418,814.0999999999767,187.25,340.0999999999767
2016-08-09,3290.0,817.5,652.3999999999651,368.0,875.7999999999884,200.04999999999563,332.4000000000233
2016-08-10,3173.0,817.9000000000233,698.7000000000116,257.8999999999942,809.4000000000233,198.69000000000233,346.20000000001164
2016-08-11,4943.0,948.5999999999767,729.9000000000233,280.8999999999942,847.5,301.33000000000175,1800.5
2016-08-12,5698.0,840.5,771.1000000000349,265.8999999999942,826.7000000000116,304.4499999999971,2652.899999999965
2016-08-13,3323.0,673.1000000000349,456.4000000000233,159.5,713.1999999999534,0.33999999999650754,1304.3000000000466
2016-08-14,3377.0,542.7999999999884,576.4000000000233,161.90000000002328,749.7000000000116,0.1900000000023283,1332.5
2016-08-15,4844.0,874.2000000000116,786.2999999999884,251.40000000002328,827.3999999999651,690.9700000000012,1251.2999999999884
2016-08-16,4042.0,784.5,733.8999999999651,198.89999999999418,881.6000000000349,238.48999999999796,1192.5999999999767
2016-08-17,5567.0,823.2999999999884,1510.4000000000233,169.60000000000582,892.2999999999884,761.1399999999994,1093.7000000000116
2016-08-18,4418.0,836.0,826.0,289.80000000001746,818.2000000000116,213.5699999999997,1446.5999999999767
2016-08-19,3905.0,751.7000000000116,698.5,226.0,767.9000000000233,280.3199999999997,1231.7000000000116
2016-08-20,2118.0,596.0,482.20000000001164,173.89999999999418,706.9000000000233,0.569999999999709,207.40000000002328
2016-08-21,2215.0,594.5,519.6999999999534,170.59999999997672,702.1999999999534,0.6100000000005821,275.79999999998836
2016-08-22,3713.0,848.5999999999767,1017.8000000000466,296.1000000000058,774.9000000000233,251.3199999999997,384.8999999999651
2016-08-23,4690.0,852.2000000000116,1301.399999999965,257.9000000000233,785.0,180.59000000000378,1034.2999999999884
2016-08-24,5511.0,856.5999999999767,1032.7999999999884,312.79999999998836,977.5,236.64999999999418,2095.9000000000233
2016-08-25,4830.0,770.0999999999767,935.9000000000233,262.29999999998836,914.2999999999884,249.54000000000087,1786.7999999999884
2016-08-26,5560.0,977.2999999999884,1129.5,374.5999999999767,902.5,282.75,1829.1999999999534
2016-08-27,4062.0,789.5,743.2999999999884,187.80000000001746,752.2999999999884,0.25,1569.7000000000116
2016-08-28,3071.0,597.7000000000116,629.5,183.10000000000582,725.0999999999767,0.33000000000174623,994.5
2016-08-29,6469.0,1159.9000000000233,1665.600000000035,509.1000000000058,963.2000000000116,626.8699999999953,1351.4000000000233
2016-08-30,5780.0,1128.7000000000116,1488.0,514.5,1021.7999999999884,342.3600000000006,1078.5999999999767
2016-08-31,6714.0,1262.6999999999534,1853.6999999999534,612.3999999999942,991.5,547.2200000000012,1250.0999999999767
2016-09-01,7399.0,1694.0,1905.0999999999767,595.1000000000058,983.1000000000349,782.4300000000003,1250.7000000000116
2016-09-02,6742.0,1674.0,1733.0,560.4000000000233,938.5999999999767,551.1600000000035,1093.0
2016-09-03,3413.0,1230.9000000000233,517.2999999999884,185.20000000001164,680.7999999999884,111.44999999999709,716.1000000000349
2016-09-04,3141.0,1073.2000000000116,555.3999999999651,186.39999999999418,666.7000000000116,0.5200000000040745,719.5
2016-09-05,2959.0,1104.0,513.0999999999767,186.60000000000582,680.8000000000466,0.5500000000029104,532.2000000000116
2016-09-06,6452.0,1809.100000000035,1866.3000000000466,570.9000000000233,984.5999999999767,525.239999999998,495.0999999999767
2016-09-07,6706.0,1824.0999999999767,1902.5,598.3999999999942,968.3999999999651,627.0299999999988,593.4000000000233
2016-09-08,7463.0,1896.2999999999884,1905.2000000000116,648.1999999999825,1017.0999999999767,710.8000000000029,1086.2999999999884
2016-09-09,7458.0,1695.7999999999884,1872.9000000000233,682.1000000000058,1021.3999999999651,635.3799999999974,1368.7999999999884
2016-09-10,3594.0,1085.5,599.2000000000116,233.30000000001746,760.5,0.19999999999708962,979.2000000000116
2016-09-11,3292.0,924.0,694.5999999999767,200.5,653.4000000000233,0.6699999999982538,858.0
2016-09-12,6768.0,1512.2000000000116,1754.899999999965,604.9000000000233,1081.2000000000116,336.1800000000003,1269.2999999999884
2016-09-13,6662.0,1217.7000000000116,1734.7000000000116,586.3999999999942,1089.2999999999884,446.5699999999997,1428.5999999999767
2016-09-14,7729.0,1513.0999999999767,2307.0,730.3999999999942,1060.2999999999884,663.2699999999968,1224.399999999965
2016-09-15,5520.0,1136.0999999999767,1748.5,560.1999999999825,1042.2000000000116,266.6900000000023,563.4000000000233
2016-09-16,5349.0,1155.7999999999884,1652.899999999965,555.9000000000233,1064.9000000000233,251.54999999999563,475.0
2016-09-17,1928.0,289.5,553.8999999999651,179.0,699.2999999999884,0.5900000000037835,248.39999999996508
2016-09-18,1916.0,276.79999999998836,596.9000000000233,183.0,686.7999999999884,0.5199999999967986,215.80000000004657
2016-09-19,6181.0,1324.2000000000116,1886.100000000035,599.5,984.2000000000116,634.3300000000017,548.0
2016-09-20,6139.0,1296.5999999999767,1865.2000000000116,607.7000000000116,990.2000000000116,591.0500000000029,591.0999999999767
2016-09-21,5935.0,1315.8000000000466,1842.7999999999884,616.7999999999884,992.7999999999884,461.9599999999991,521.0
2016-09-22,5954.0,1203.2000000000116,1785.0,578.0999999999767,1056.2999999999884,453.2299999999959,681.8000000000466
2016-09-23,5569.0,1197.7000000000116,1573.0,504.69999999998254,940.0999999999767,359.90000000000146,803.2999999999884
2016-09-24,2016.0,346.6000000000349,529.9000000000233,181.40000000002328,714.1000000000349,0.6599999999962165,288.4000000000233
2016-09-25,2061.0,316.29999999998836,590.2999999999884,179.19999999998254,712.2000000000116,0.6299999999973807,308.9000000000233
2016-09-26,5198.0,1211.7000000000116,1601.2000000000116,554.5999999999767,1111.7000000000116,82.69000000000233,451.1000000000349
2016-09-27,5336.0,1184.4000000000233,1742.899999999965,568.2999999999884,961.2999999999884,227.7699999999968,492.4000000000233
2016-09-28,4978.0,1069.0,1725.0,558.0,975.9000000000233,21.729999999995925,460.79999999998836
2016-09-29,5086.0,1152.5,1612.2999999999884,562.0,1097.0999999999767,44.94000000000233,467.8999999999651
2016-09-30,5682.0,1229.600000000035,1537.1999999999534,544.3999999999942,1087.399999999965,25.75,1108.7000000000116
2016-10-01,2425.0,375.80000000004657,600.3000000000466,213.10000000000582,794.3999999999651,0.5599999999976717,493.79999999998836
2016-10-02,2008.0,313.0,583.9000000000233,183.10000000000582,742.3999999999651,0.6600000000034925,236.09999999997672
2016-10-03,2930.0,575.3999999999651,660.6999999999534,359.79999999998836,939.7000000000116,0.6900000000023283,381.29999999998836
2016-10-04,5214.0,1465.0999999999767,1495.5,554.5,1023.0,59.36000000000058,450.70000000001164
2016-10-05,5222.0,1230.600000000035,1518.5,563.2000000000116,1150.600000000035,59.01000000000204,576.4000000000233
2016-10-06,5651.0,1332.2999999999884,1510.0999999999767,579.6999999999825,1176.9000000000233,102.69999999999709,824.5999999999767
2016-10-07,5200.0,1202.0,1451.5999999999767,529.8000000000175,1152.2999999999884,165.12000000000262,552.2000000000116
2016-10-08,2970.0,301.79999999998836,753.3000000000466,177.60000000000582,823.5999999999767,0.75,974.0999999999767
2016-10-09,1924.0,310.70000000001164,543.0999999999767,176.5,709.2000000000116,0.5600000000049477,231.19999999995343
2016-10-10,2203.0,342.8999999999651,491.4000000000233,176.79999999998836,789.7000000000116,0.6099999999933061,457.5
2016-10-11,2191.0,378.29999999998836,573.4000000000233,189.10000000000582,812.6999999999534,0.7000000000043656,290.6000000000349
2016-10-12,2162.0,365.0,590.0999999999767,183.89999999999418,733.0,0.6999999999970896,339.8999999999651
2016-10-13,5264.0,1232.6999999999534,1521.0999999999767,603.0,1126.2999999999884,84.47000000000116,569.1000000000349
2016-10-14,5384.0,1247.0999999999767,1441.6999999999534,501.6000000000058,1197.5999999999767,13.029999999998836,860.6000000000349
2016-10-15,2657.0,349.4000000000233,560.1999999999534,206.20000000001164,790.2000000000116,0.7099999999991269,816.7000000000116
2016-10-16,2641.0,327.70000000001164,544.7999999999302,179.39999999999418,730.2999999999884,0.7099999999991269,922.2000000000116
2016-10-17,5875.0,1281.5999999999767,1494.0999999999767,553.5,1088.399999999965,133.55999999999767,1205.7999999999884
2016-10-18,5973.0,1131.5999999999767,1608.5999999999767,606.7000000000116,1095.4000000000233,33.36000000000058,1364.2999999999884
2016-10-19,6433.0,1269.600000000035,1578.9000000000233,551.6000000000058,1006.0,284.9599999999991,1683.2000000000116
2016-10-20,5700.0,1192.7000000000116,1527.7999999999302,522.8999999999942,1101.7000000000116,61.30999999999767,1150.7999999999884
2016-10-21,6051.0,1177.6999999999534,1522.6999999999534,530.1000000000058,969.0999999999767,234.09000000000378,1468.9000000000233
2016-10-22,2776.0,382.4000000000233,616.4000000000233,221.20000000001164,802.8999999999651,0.5899999999965075,818.2000000000116
2016-10-23,2602.0,382.0,585.2999999999302,191.29999999998836,725.5,0.680000000000291,781.0
2016-10-24,5149.0,1143.1999999999534,1511.5,527.0,1184.399999999965,5.790000000000873,643.7999999999884
2016-10-25,5633.0,1400.600000000035,1490.7999999999302,521.8999999999942,1494.8000000000466,0.47999999999592546,616.7000000000116
2016-10-26,5662.0,1252.2999999999884,1468.0,558.6999999999825,1479.5999999999767,0.4599999999991269,779.8000000000466
2016-10-27,5691.0,1264.0,1524.7000000000698,610.0,1298.0,0.5300000000061118,865.6000000000349
2016-10-28,5301.0,1143.2000000000116,1491.2000000000698,539.5,1226.7000000000116,0.5599999999976717,762.8999999999651
2016-10-29,1966.0,394.5,502.5,184.5,717.8999999999651,0.6500000000014552,219.10000000003492
2016-10-30,2757.0,349.8999999999651,546.7000000000698,180.0,700.0,0.6100000000005821,1043.5
2016-10-31,5215.0,1153.2999999999884,1520.9000000000233,533.0,1413.899999999965,0.4599999999991269,482.8999999999651
2016-11-01,5303.0,1249.0999999999767,1539.2999999999302,529.2000000000116,1228.399999999965,0.7200000000011642,640.5999999999767
2016-11-02,5446.0,1285.2999999999884,1589.5999999999767,537.5,1183.0,60.609999999993306,653.5999999999767
2016-11-03,5221.0,1281.9000000000233,1580.8000000000466,530.7000000000116,1117.3000000000466,3.599999999998545,560.0999999999767
2016-11-04,5655.0,1171.2000000000116,1506.3000000000466,526.2000000000116,1351.0,0.569999999999709,956.5
2016-11-05,2742.0,414.79999999998836,561.9000000000233,219.79999999998836,899.2000000000116,0.5299999999988358,712.7000000000116
2016-11-06,2049.0,411.70000000001164,545.0999999999767,179.69999999998254,747.3999999999651,0.48999999999796273,218.0
2016-11-07,5672.0,1278.0999999999767,1578.9000000000233,536.7000000000116,1547.4000000000233,0.41000000000349246,624.0999999999767
2016-11-08,3632.0,997.7999999999884,806.6999999999534,331.6000000000058,1077.5,3.8799999999973807,493.70000000001164
2016-11-09,5400.0,1381.600000000035,1500.5,578.6000000000058,1210.0,10.880000000004657,613.3999999999651
2016-11-10,5372.0,1242.899999999965,1476.3999999999069,554.1000000000058,1258.9000000000233,0.6999999999970896,708.0
2016-11-11,2533.0,369.4000000000233,500.0,175.69999999998254,770.2999999999884,0.5400000000008731,780.9000000000233
2016-11-12,2302.0,394.4000000000233,472.0,171.19999999998254,790.7000000000116,0.5899999999965075,532.4000000000233
2016-11-13,2204.0,357.5999999999767,534.3000000000466,171.69999999998254,712.0999999999767,0.6500000000014552,483.8999999999651
2016-11-14,5144.0,1137.7999999999884,1474.1999999999534,552.1000000000058,1148.9000000000233,16.459999999999127,717.5999999999767
2016-11-15,5425.0,1188.2999999999884,1518.0,520.3000000000175,1262.4000000000233,0.5200000000040745,825.4000000000233
2016-11-16,5471.0,1287.0999999999767,1570.3999999999069,541.5,1232.7000000000116,0.5400000000008731,703.5999999999767
2016-11-17,5321.0,1162.2999999999884,1563.2000000000698,547.7999999999884,1149.7999999999884,0.5399999999935972,768.0
2016-11-18,5279.0,1260.4000000000233,1510.1999999999534,517.3000000000175,1163.100000000035,29.43000000000029,666.0
2016-11-19,2343.0,344.70000000001164,555.0999999999767,174.70000000001164,798.6000000000349,0.7100000000064028,528.0
2016-11-20,2506.0,358.0,566.0999999999767,175.70000000001164,961.8000000000466,0.3600000000005821,511.8999999999651
2016-11-21,5845.0,1311.0999999999767,1548.0999999999767,565.2999999999884,1657.899999999965,0.25,663.1999999999534
2016-11-22,5815.0,1164.7000000000116,1446.5,508.8999999999942,1521.5,0.4699999999938882,1060.7999999999884
2016-11-23,4654.0,1183.7999999999884,989.0999999999767,420.0,1437.7999999999884,0.37000000000261934,498.3999999999651
2016-11-24,2469.0,450.0,496.30000000004657,180.79999999998836,810.0,0.4400000000023283,597.0999999999767
2016-11-25,2330.0,446.1000000000349,516.3000000000466,177.30000000001746,680.2000000000116,0.5499999999956344,570.0
2016-11-26,2050.0,555.7999999999884,490.80000000004657,171.39999999999418,670.0,0.5200000000040745,217.70000000001164
2016-11-27,2806.0,549.2000000000116,526.5,174.5,1042.2999999999884,0.4099999999962165,592.9000000000233
2016-11-28,5596.0,1284.2000000000116,1491.5,512.7999999999884,1589.0,0.3400000000037835,639.3000000000466
2016-11-29,5639.0,1384.9000000000233,1506.5999999999767,553.3999999999942,1309.9000000000233,0.5999999999985448,788.5999999999767
2016-11-30,5356.0,1231.399999999965,1561.5,521.5,1318.0999999999767,0.5499999999956344,601.8000000000466
2016-12-01,5202.0,1194.899999999965,1514.5,566.0,1303.9000000000233,0.6100000000005821,503.79999999998836
2016-12-02,5010.0,1143.0999999999767,1206.9000000000233,454.0,1260.2999999999884,0.6299999999973807,817.2999999999884
2016-12-03,3012.0,530.2000000000116,582.0999999999767,201.20000000001164,942.6000000000349,0.4400000000023283,831.7000000000116
2016-12-04,2943.0,412.69999999995343,587.7000000000698,172.10000000000582,1119.0,0.3099999999976717,731.7000000000116
2016-12-05,6241.0,1364.7000000000116,1526.1999999999534,525.5999999999767,1687.2999999999884,0.16999999999825377,1051.2000000000116
2016-12-06,5924.0,1258.0,1480.5999999999767,525.5,1399.6999999999534,0.46000000000640284,1155.7000000000116
2016-12-07,6137.0,1242.0,1524.4000000000233,540.7000000000116,1582.600000000035,0.3499999999985448,1151.5
2016-12-08,6260.0,1299.399999999965,1521.1000000000931,560.3000000000175,1599.5999999999767,0.2999999999956344,1189.2999999999884
2016-12-09,5977.0,1253.0999999999767,1439.0999999999767,526.8999999999942,1665.600000000035,0.1900000000023283,997.9000000000233
2016-12-10,3912.0,677.2000000000116,554.5999999999767,204.40000000002328,1390.2999999999884,0.06999999999970896,1188.7999999999884
2016-12-11,4544.0,1073.899999999965,703.3000000000466,184.69999999998254,1337.399999999965,0.33000000000174623,1338.9000000000233
2016-12-12,5578.0,1223.5999999999767,1383.7000000000698,466.3999999999942,1605.7000000000116,0.26000000000203727,831.2999999999884
2016-12-13,5774.0,1325.9000000000233,1483.8000000000466,507.3999999999942,1323.4000000000233,0.48999999999796273,1052.100000000035
2016-12-14,6234.0,1273.5999999999767,1480.0,591.2000000000116,1650.7000000000116,0.2900000000008731,1163.600000000035
2016-12-15,6439.0,1401.6999999999534,1489.0999999999767,584.2999999999884,1736.2000000000116,0.029999999998835847,1160.8000000000466
2016-12-16,6575.0,1492.5,1421.0999999999767,513.3999999999942,1771.3000000000466,0.0,1428.2000000000116
2016-12-17,4091.0,814.7999999999884,526.9000000000233,174.0,1268.4000000000233,0.13999999999941792,1418.0
2016-12-18,3730.0,798.7999999999884,682.0999999999767,180.39999999999418,998.0,0.4599999999991269,1166.899999999965
2016-12-19,6058.0,1437.7000000000698,1488.8000000000466,532.0999999999767,1776.5,0.0,825.5999999999767
2016-12-20,5895.0,1326.3000000000466,1503.2999999999302,543.0,1680.2000000000116,0.19999999999708962,880.5
2016-12-21,6040.0,1456.5,1570.3000000000466,521.0999999999767,1562.5999999999767,0.3400000000037835,963.2000000000116
2016-12-22,5761.0,1298.2999999999302,1475.5999999999767,518.0,1624.2999999999884,0.22999999999592546,824.7000000000116
2016-12-23,5175.0,1192.8000000000466,1363.5,514.8000000000175,1388.7000000000116,0.46000000000640284,672.5999999999767
2016-12-24,2777.0,452.5999999999767,510.20000000006985,185.20000000001164,948.7999999999884,0.3699999999953434,754.0999999999767
2016-12-25,2648.0,488.20000000006985,539.5,181.39999999999418,1110.5999999999767,0.27999999999883585,408.0
2016-12-26,3242.0,867.2999999999302,506.0999999999767,184.90000000002328,866.5999999999767,0.5100000000020373,818.3999999999651
2016-12-27,2658.0,697.9000000000233,615.5,190.10000000000582,821.6000000000349,0.5599999999976717,370.4000000000233
2016-12-28,3192.0,800.0,614.8000000000466,187.19999999998254,1176.7000000000698,0.26000000000203727,504.29999999998836
2016-12-29,4189.0,919.6999999999534,608.2000000000698,209.39999999999418,1302.1999999999534,0.33000000000174623,1257.5999999999767
2016-12-30,3422.0,733.0,609.5999999999767,183.39999999999418,1397.0999999999767,0.22000000000116415,586.5999999999767
2016-12-31,3001.0,757.0999999999767,508.10000000009313,185.5,1057.7000000000698,0.3499999999985448,540.8000000000466
2017-01-01,2843.0,694.0999999999767,537.2999999999302,183.20000000001164,1074.7999999999302,0.31999999999970896,437.6000000000349
2017-01-02,3796.0,958.1999999999534,512.1999999999534,196.60000000000582,901.5999999999767,0.4499999999970896,1237.8000000000466
2017-01-03,5505.0,1504.5999999999767,1531.3000000000466,531.7000000000116,1348.4000000000233,0.5100000000020373,556.7000000000116
2017-01-04,6085.0,1389.2000000000698,1540.0,590.5,1485.4000000000233,0.43000000000029104,1048.2000000000116
2017-01-05,6139.0,1234.5,1480.0999999999767,563.0,1651.4000000000233,0.16000000000349246,1153.399999999965
2017-01-06,6089.0,1338.5,1424.9000000000233,546.7999999999884,1667.0,0.09999999999854481,1039.600000000035
2017-01-07,3493.0,741.5999999999767,501.5999999999767,181.80000000001746,1224.1999999999534,0.0,941.2999999999884
2017-01-08,4427.0,941.3999999999069,561.0,186.79999999998836,1243.7000000000698,0.0,1586.2999999999884
2017-01-09,6896.0,1458.1000000000931,1465.0999999999767,542.5,1729.0,0.0,1711.2000000000116
2017-01-10,6262.0,1488.7000000000698,1547.7000000000698,538.1000000000058,1474.6999999999534,0.5099999999947613,1214.1999999999534
2017-01-11,5915.0,1348.5999999999767,1557.2000000000698,570.7999999999884,1215.0,0.6600000000034925,1150.7999999999884
2017-01-12,5524.0,1369.3999999999069,1534.8000000000466,535.5,1126.5999999999767,16.31999999999971,847.8999999999651
2017-01-13,6124.0,1349.1999999999534,1480.5,517.7000000000116,1527.1999999999534,0.3499999999985448,1163.100000000035
2017-01-14,3775.0,497.79999999993015,516.5999999999767,184.80000000001746,1230.6999999999534,0.12999999999738066,1447.2999999999884
2017-01-15,4013.0,602.2000000000698,553.0,185.39999999999418,1197.0,0.20999999999912689,1578.8000000000466
2017-01-16,3283.0,831.3000000000466,529.7000000000698,188.09999999997672,1148.5,0.3400000000037835,620.5
2017-01-17,5807.0,1325.5,1479.0999999999767,528.8000000000175,1536.2000000000698,0.4099999999962165,848.8999999999651
2017-01-18,5922.0,1327.1999999999534,1571.9000000000233,570.8999999999942,1604.9000000000233,0.1599999999962165,766.7000000000116
2017-01-19,5913.0,1378.0999999999767,1558.0,546.3000000000175,1440.0999999999767,0.4000000000014552,897.6000000000349
2017-01-20,5515.0,1288.5,1515.4000000000233,542.1999999999825,1304.0999999999767,0.48999999999796273,773.7999999999884
2017-01-21,2497.0,470.5,551.7999999999302,209.39999999999418,704.4000000000233,0.6600000000034925,625.5
2017-01-22,2247.0,531.5,545.9000000000233,184.70000000001164,695.8000000000466,0.41999999999825377,350.5999999999767
2017-01-23,5742.0,1234.0,1347.0,488.3999999999942,1617.2999999999302,0.22000000000116415,979.5999999999767
2017-01-24,5696.0,1210.2999999999302,1344.6999999999534,455.5,1517.1999999999534,0.27999999999883585,1085.0
2017-01-25,5390.0,1147.7000000000698,1300.0,477.5,1342.2999999999302,0.4000000000014552,1024.600000000035
2017-01-26,5266.0,1211.0999999999767,1482.8999999999069,534.6000000000058,1246.8000000000466,0.5,679.2999999999884
2017-01-27,5287.0,1259.2999999999302,1336.4000000000233,514.8999999999942,1334.3000000000466,0.43999999999505235,740.4000000000233
2017-01-28,3708.0,1061.7999999999302,700.2999999999302,190.70000000001164,1539.3000000000466,0.3099999999976717,317.5
2017-01-29,4744.0,1149.5999999999767,732.0,190.29999999998836,1533.7000000000698,0.33000000000174623,1257.0999999999767
2017-01-30,5978.0,1263.2999999999302,1497.2999999999302,544.3999999999942,1662.3000000000466,0.22000000000116415,936.1000000000349
2017-01-31,6239.0,1207.2000000000698,1525.1999999999534,531.3999999999942,1662.5999999999767,0.19999999999708962,1302.6999999999534
2017-02-01,5819.0,1201.2999999999302,1534.1999999999534,564.7999999999884,1581.8000000000466,0.2800000000061118,864.0999999999767
2017-02-02,6119.0,1250.0999999999767,1566.0999999999767,587.0999999999767,1610.0,0.3099999999976717,1028.600000000035
2017-02-03,6575.0,1186.2000000000698,1468.9000000000233,508.3999999999942,1629.1999999999534,0.20999999999912689,1766.7999999999884
2017-02-04,3430.0,464.30000000004657,541.9000000000233,173.10000000000582,1232.0999999999767,0.16000000000349246,1114.0
2017-02-05,3453.0,887.5,580.5,175.20000000001164,963.0,0.37999999999738066,934.7999999999884
2017-02-06,5562.0,1165.5,1527.5,536.0,1589.9000000000233,0.31999999999970896,701.9000000000233
2017-02-07,5513.0,1079.8000000000466,1499.4000000000233,506.5,1589.3000000000466,0.12999999999738066,766.2000000000116
2017-02-08,5525.0,1138.1999999999534,1487.0,491.5999999999767,1391.7999999999302,0.42000000000552973,935.5999999999767
2017-02-09,3433.0,543.5,617.7999999999302,182.60000000000582,1302.2999999999302,0.03999999999359716,871.2000000000116
2017-02-10,6829.0,1213.5,1482.1999999999534,469.6000000000058,1757.5999999999767,0.0,1959.1999999999534
2017-02-11,5499.0,906.1999999999534,739.7000000000698,205.30000000001746,1494.5,0.0,2270.2999999999884
2017-02-12,4543.0,750.2000000000698,688.2000000000698,181.70000000001164,1324.9000000000233,0.16000000000349246,1693.7999999999884
2017-02-13,3527.0,800.4000000000233,589.9000000000233,183.5,1261.6999999999534,0.0,761.7000000000116
2017-02-14,5719.0,1220.7999999999302,1519.9000000000233,524.6999999999825,1656.1999999999534,0.1900000000023283,833.8999999999651
2017-02-15,5751.0,1175.1999999999534,1554.5,556.3000000000175,1497.8999999999069,0.27999999999883585,961.5
2017-02-16,6105.0,1145.4000000000233,1599.9000000000233,590.8999999999942,1697.7000000000698,0.06999999999970896,1069.100000000035
2017-02-17,5872.0,1128.5,1469.5999999999767,533.9000000000233,1600.8999999999069,0.16999999999825377,1081.0
2017-02-18,2479.0,374.79999999993015,573.1000000000931,180.89999999999418,761.5,0.47000000000116415,662.8999999999651
2017-02-19,2388.0,338.0,606.5999999999767,169.79999999998836,653.3999999999069,0.48999999999796273,690.2000000000116
2017-02-20,2867.0,385.80000000004657,569.5,180.0,917.2999999999302,0.27000000000407454,900.7000000000116
2017-02-21,2810.0,503.9000000000233,665.4000000000233,181.10000000000582,816.1999999999534,0.3699999999953434,723.7999999999884
2017-02-22,2891.0,497.0,714.3000000000466,236.39999999999418,751.7000000000698,0.5,768.7000000000116
2017-02-23,2756.0,423.0,620.5,168.70000000001164,757.0999999999767,0.4499999999970896,860.9000000000233
2017-02-24,2811.0,370.30000000004657,650.5,170.20000000001164,706.1999999999534,0.46000000000640284,983.7999999999884
2017-02-25,3137.0,303.39999999990687,535.5,161.19999999998254,663.7000000000698,0.43000000000029104,1549.7999999999884
2017-02-26,2490.0,373.10000000009313,540.0999999999767,165.29999999998836,903.5999999999767,0.22999999999592546,578.3999999999651
2017-02-27,5471.0,1277.6999999999534,1444.1000000000931,525.2999999999884,1274.3000000000466,0.4499999999970896,858.5
2017-02-28,5270.0,1211.6999999999534,1473.0999999999767,516.7000000000116,1133.2000000000698,0.41000000000349246,837.4000000000233
2017-03-01,5168.0,1197.2000000000698,1511.6999999999534,551.1000000000058,1074.4000000000233,2.2300000000032014,733.7999999999884
2017-03-02,5626.0,1180.6999999999534,1506.3000000000466,572.6000000000058,1515.4000000000233,0.27000000000407454,757.2999999999884
2017-03-03,5884.0,1160.0,1428.6999999999534,547.5,1605.0999999999767,0.16999999999825377,1056.600000000035
2017-03-04,3897.0,592.8000000000466,691.3999999999069,182.10000000000582,1391.7999999999302,0.0,1133.9000000000233
2017-03-05,3508.0,826.4000000000233,561.3000000000466,179.60000000000582,1287.8999999999069,0.040000000000873115,719.4000000000233
2017-03-06,5624.0,1221.8000000000466,1523.6000000000931,540.5,1552.1999999999534,0.27999999999883585,849.2999999999884
2017-03-07,5504.0,1298.3999999999069,1508.9000000000233,542.2000000000116,1264.6999999999534,0.2900000000008731,849.6000000000349
2017-03-08,5365.0,1207.1999999999534,1543.5999999999767,588.5,1162.0,1.139999999999418,780.7000000000116
2017-03-09,5399.0,1136.5999999999767,1501.3000000000466,562.7999999999884,1360.7999999999302,0.33000000000174623,738.0
2017-03-10,5992.0,1053.0,1287.0999999999767,502.1000000000058,1591.7999999999302,0.09999999999854481,1482.5999999999767
2017-03-11,4737.0,468.5,719.0,207.0,1359.4000000000233,0.0,2070.4000000000233
2017-03-12,5132.0,806.6999999999534,632.3000000000466,190.70000000001164,1357.5999999999767,0.0,2224.0999999999767
2017-03-13,5973.0,1197.0,1526.3000000000466,547.7999999999884,1551.8000000000466,0.1500000000014552,1172.899999999965
2017-03-14,3295.0,456.5,558.1999999999534,199.70000000001164,1200.5999999999767,0.08999999999650754,980.4000000000233
2017-03-15,4236.0,940.5999999999767,711.5,244.0,1321.6999999999534,0.12000000000261934,1111.7999999999884
2017-03-16,5906.0,1209.8000000000466,1543.0,571.6000000000058,1541.4000000000233,0.12999999999738066,1019.3000000000466
2017-03-17,6539.0,1088.4000000000233,1473.0,553.6000000000058,1484.7999999999302,0.27000000000407454,1882.399999999965
2017-03-18,3870.0,310.29999999993015,567.1000000000931,181.29999999998836,1102.0,0.22000000000116415,1806.399999999965
2017-03-19,4215.0,404.79999999993015,602.7999999999302,184.20000000001164,995.7999999999302,0.19999999999708962,2124.0
2017-03-20,5380.0,1234.2999999999302,1504.7000000000698,574.7000000000116,1316.8000000000466,0.3600000000005821,670.2000000000116
2017-03-21,60.0,5.400000000023283,12.79999999993015,3.7999999999883585,18.0,0.0,21.5
Metasys File,2017 03 21 - AHS Electric & Gas (501 MB),Report Format,Summary,Time Period,Full Day,Start Time,05:00
.,.,AHS - Main  (kWh),Energy.AHS_N1-Main-kWh-Energy (Trend1),Gym (kWh),Energy.AHS_N1-DG-kWh-Energy (Trend1),Lighting (kWh),Energy.AHS_N1-DL-Energy-kWh (Trend1),Plug Load (kWh) ,Energy.AHS_N1-DHB - kWh Total (Trend1),Kitchen | Emergency (kWh),Energy.AHS_N1-DE-ATS-Energy-kWh (Trend1),Chillers (kWh),Energy.M1-kWh-Energy (Trend1),Collins Center (kWh),Energy.CollinCtr-Energy-kWh (Trend1)
3d71af713039718599ec41e33766b2a3