Usage statistics from between 05:00 and 20:00 each day
,AHS - Main  (kWh),Gym (kWh),Plug Load (kWh) ,Lighting (kWh),Kitchen | Emergency (kWh),Chillers (kWh),Collins Center (kWh)
2015-07-30,0.0,,,,,,
2015-07-31,3147.0,,,,,,
2015-08-01,1800.0,,,,,,
2015-08-02,1749.0,,,,,,
2015-08-03,4724.0,,,,,,
2015-08-04,4815.0,360.2175,163.91830000000002,291.91959999999995,160.66269999999997,138.69710000000003,71.36269999999996
2015-08-05,3504.0,1123.817,355.06870000000004,808.7920000000001,515.3397999999999,405.09159999999997,190.97249999999997
2015-08-06,2730.0,888.4569999999999,319.1039999999998,601.6759999999999,459.5519999999999,199.067,258.6512
2015-08-07,1779.0,273.97999999999956,200.23000000000002,447.2649999999999,444.9580000000001,212.1020000000001,230.04199999999992
2015-08-08,1184.0,194.60199999999986,135.7739999999999,294.91200000000026,387.74400000000014,0.4539999999999509,192.60500000000002
2015-08-09,1089.0,110.97299999999996,134.34800000000018,313.9369999999999,379.7339999999999,0.4230000000000018,171.212
2015-08-10,1638.0,163.15099999999984,176.85500000000002,413.45600000000013,410.0590000000002,252.13100000000009,259.12799999999993
2015-08-11,2359.0,409.8680000000004,286.645,657.268,489.83700000000044,185.24800000000005,217.32100000000037
2015-08-12,2541.0,225.41699999999946,308.6980000000003,760.9560000000001,476.7419999999993,317.2360000000001,327.21900000000005
2015-08-13,2864.0,426.058,323.60099999999966,471.60599999999977,467.5770000000002,238.94999999999982,924.9299999999998
2015-08-14,2715.0,141.79700000000048,341.77999999999975,415.3080000000009,471.16600000000017,263.0160000000001,1132.2730000000001
2015-08-15,1968.0,146.62099999999919,128.13700000000063,292.28499999999985,421.78300000000036,0.31100000000014916,1011.4700000000003
2015-08-16,2021.0,146.04800000000068,128.6890000000003,302.3250000000007,420.5020000000004,0.9340000000001965,1056.2570000000005
2015-08-17,2898.0,392.1110000000008,282.067,483.4539999999997,459.0630000000001,314.59400000000005,985.9509999999991
2015-08-18,2374.0,202.6180000000004,160.22999999999956,650.119999999999,484.0789999999997,318.4720000000002,573.6299999999992
2015-08-19,1972.0,194.86599999999999,162.0079999999998,598.7199999999993,551.3199999999997,307.50700000000006,192.04000000000087
2015-08-20,3162.0,236.97000000000116,286.89600000000064,665.630000000001,559.5600000000013,934.1370000000002,381.880000000001
2015-08-21,3138.0,239.1800000000003,154.3140000000003,803.1499999999996,517.7800000000007,777.9079999999994,485.1900000000005
2015-08-22,1222.0,161.61999999999898,148.92199999999957,351.7399999999998,424.3099999999995,0.36199999999917054,158.75
2015-08-23,2008.0,205.52999999999884,126.03300000000036,410.3299999999999,455.9599999999991,312.0529999999999,434.85000000000036
2015-08-24,2947.0,411.34999999999854,181.808,883.4099999999999,500.3100000000013,553.3599999999997,254.86000000000058
2015-08-25,3531.0,397.4300000000003,280.45899999999983,860.4500000000007,533.6599999999999,595.8550000000005,697.4800000000014
2015-08-26,3714.0,367.02000000000044,243.28099999999995,1000.5999999999985,661.630000000001,280.6729999999998,1110.92
2015-08-27,2588.0,313.02000000000044,304.9969999999994,641.5900000000001,538.0300000000025,193.36799999999948,643.4599999999991
2015-08-28,2417.0,539.6499999999996,213.65899999999965,538.3899999999994,475.02999999999884,177.53700000000026,481.1900000000023
2015-08-29,1412.0,193.59000000000015,130.57200000000012,354.6499999999978,407.380000000001,0.3469999999997526,354.9300000000003
2015-08-30,1164.0,156.27000000000044,130.4369999999999,343.6899999999987,415.630000000001,0.352999999999156,144.0600000000013
2015-08-31,4279.0,700.3799999999992,324.3030000000017,999.2800000000025,655.7699999999968,450.22100000000137,1134.8799999999974
2015-09-01,4841.0,1058.5400000000009,507.6329999999998,1201.920000000002,699.6500000000015,648.6409999999996,629.8199999999997
2015-09-02,5245.0,1177.880000000001,560.6739999999991,1496.8400000000001,694.9799999999996,712.0390000000007,513.5299999999988
2015-09-03,5691.0,1091.4599999999991,619.3700000000008,1558.5900000000001,685.5,746.8600000000006,868.8499999999985
2015-09-04,5463.0,1225.0200000000004,538.0300000000007,1683.880000000001,652.0500000000029,451.3799999999992,712.7099999999991
2015-09-05,1740.0,270.4599999999991,147.15999999999985,711.9200000000019,401.77000000000044,0.4500000000007276,121.28000000000247
2015-09-06,1640.0,159.85000000000218,146.48999999999978,737.119999999999,390.0,0.4099999999998545,120.22999999999956
2015-09-07,2177.0,204.23999999999796,149.11000000000058,809.989999999998,397.75,0.3600000000005821,538.4900000000016
2015-09-08,6472.0,1183.4000000000015,579.3199999999997,1855.3700000000026,688.989999999998,857.2299999999996,1107.7100000000028
2015-09-09,6441.0,1230.8300000000017,583.7399999999998,1907.2300000000032,686.5700000000033,822.0100000000002,1005.1000000000022
2015-09-10,6685.0,1329.2000000000007,648.0799999999999,2012.2200000000012,762.9599999999991,638.6499999999996,1053.3100000000013
2015-09-11,5748.0,1313.1699999999983,547.4300000000003,1774.1699999999983,688.2700000000004,432.71999999999935,770.8300000000017
2015-09-12,1645.0,185.1999999999971,151.48999999999978,675.3300000000017,420.47000000000116,0.38000000000101863,141.58000000000175
2015-09-13,1626.0,160.23999999999796,150.11999999999898,712.4300000000003,408.98999999999796,0.37999999999919964,124.84999999999854
2015-09-14,1938.0,209.38000000000102,159.8799999999992,730.5199999999968,435.1000000000022,151.88999999999942,190.84000000000015
2015-09-15,5211.0,1063.8500000000022,591.6599999999999,1724.1800000000003,723.0700000000033,419.78999999999905,477.4100000000035
2015-09-16,5454.0,1223.0600000000013,635.5799999999981,1819.0900000000038,713.0799999999945,454.3899999999994,407.8799999999974
2015-09-17,5915.0,1103.7100000000028,596.5799999999981,1841.3300000000017,720.0,495.4400000000005,946.1100000000006
2015-09-18,5818.0,1163.6399999999994,571.0699999999997,1788.1400000000067,651.9900000000052,482.4899999999998,953.0400000000009
2015-09-19,1728.0,196.4499999999971,159.47999999999956,761.6399999999994,398.93999999999505,0.3899999999994179,133.25999999999476
2015-09-20,1682.0,188.09999999999854,156.7699999999968,731.8199999999997,398.00999999999476,0.32999999999992724,126.43999999999505
2015-09-21,4743.0,1015.8700000000026,594.7799999999988,1609.5,696.7099999999991,256.5600000000013,348.49000000000524
2015-09-22,4970.0,1193.5,547.619999999999,1655.6000000000058,706.6699999999983,281.7399999999998,362.9600000000064
2015-09-23,1780.0,230.59000000000378,218.4900000000016,542.0400000000009,462.0699999999997,113.04000000000087,222.95000000000437
2015-09-24,4525.0,1064.8499999999985,564.0800000000017,1408.7099999999991,720.260000000002,298.2699999999968,373.29999999999563
2015-09-25,4413.0,1166.2900000000009,533.2700000000004,1368.8099999999977,688.5300000000061,211.84999999999854,344.70000000000437
2015-09-26,1336.0,214.58000000000175,157.95000000000073,395.66999999999825,433.08000000000175,0.5300000000024738,159.52999999999884
2015-09-27,1411.0,267.40000000000146,157.34000000000015,413.52999999999884,427.3600000000006,0.5,172.26000000000204
2015-09-28,4812.0,1045.8600000000006,589.8700000000026,1660.1399999999994,718.9599999999991,241.41999999999825,379.5599999999977
2015-09-29,5572.0,1317.0,567.0299999999988,1865.8199999999924,742.8899999999994,423.77000000000044,452.15000000000146
2015-09-30,5674.0,1203.0899999999965,582.4399999999987,1833.729999999996,713.5800000000017,429.5400000000009,710.3600000000006
2015-10-01,4737.0,1176.1200000000026,572.7700000000004,1568.820000000007,735.2699999999968,106.72999999999956,342.9099999999962
2015-10-02,4214.0,1036.5699999999997,504.76000000000204,1393.7200000000012,684.4400000000023,1.6200000000026193,343.3399999999965
2015-10-03,1644.0,259.5,181.0500000000029,505.7299999999959,465.2300000000032,0.4400000000023283,150.0899999999965
2015-10-04,1782.0,242.27999999999884,147.57000000000335,491.00999999999476,447.91999999999825,0.41999999999825377,372.50999999999476
2015-10-05,4811.0,1283.0899999999965,532.4799999999996,1559.6500000000087,716.4300000000003,41.35000000000218,475.2800000000061
2015-10-06,4775.0,1176.6599999999962,541.5099999999984,1602.0800000000017,701.6299999999974,73.05999999999767,485.72000000000116
2015-10-07,4848.0,1187.0599999999977,544.1699999999983,1600.3500000000058,700.8899999999994,87.89999999999782,522.4499999999971
2015-10-08,4694.0,1067.949999999997,536.5499999999993,1560.9199999999983,732.010000000002,48.330000000001746,533.7299999999959
2015-10-09,4906.0,1246.7999999999956,498.34000000000015,1611.4599999999919,693.0400000000009,105.7599999999984,544.7699999999968
2015-10-10,1707.0,268.8399999999965,138.94000000000233,485.320000000007,410.84999999999854,0.5,325.0200000000041
2015-10-11,1909.0,259.26000000000204,138.3299999999981,578.5,447.5500000000029,0.4399999999986903,409.1400000000067
2015-10-12,1847.0,259.09999999999854,139.95000000000073,596.9700000000012,418.34999999999854,0.4000000000014552,361.51000000000204
2015-10-13,4756.0,1094.1299999999974,533.6499999999978,1694.1600000000035,726.6699999999983,79.75,430.5400000000009
2015-10-14,4753.0,1201.9100000000035,480.4200000000019,1469.2699999999895,672.8500000000058,70.34000000000015,659.1800000000003
2015-10-15,4813.0,1147.3699999999953,504.3500000000022,1522.1199999999953,901.2199999999939,20.93999999999869,505.6999999999971
2015-10-16,5215.0,1182.5699999999997,510.90000000000146,1563.0800000000017,869.8700000000026,13.56000000000131,865.560000000005
2015-10-17,1725.0,354.4100000000035,170.80999999999767,413.47000000000116,415.93999999999505,0.5099999999983993,289.5400000000009
2015-10-18,1867.0,438.6900000000023,171.59999999999854,414.2600000000093,506.33000000000175,0.4599999999991269,263.8799999999974
2015-10-19,5374.0,1271.9599999999919,551.8600000000006,1436.1000000000058,1034.7099999999991,0.5200000000004366,888.4799999999959
2015-10-20,5046.0,1211.0400000000081,542.25,1569.6000000000058,896.3199999999997,20.459999999999127,603.0
2015-10-21,4800.0,1151.929999999993,557.9000000000015,1504.0,818.8300000000017,7.330000000001746,540.0699999999997
2015-10-22,4692.0,1226.7600000000093,541.239999999998,1426.0,792.5599999999977,119.13999999999942,394.9799999999959
2015-10-23,4512.0,1111.7399999999907,483.13000000000466,1148.4000000000087,910.9400000000023,0.5200000000004366,647.9800000000032
2015-10-24,1847.0,350.3500000000058,187.02999999999884,426.3999999999942,515.9100000000035,0.3899999999994179,293.54999999999563
2015-10-25,2227.0,317.3099999999977,151.0,396.0,398.04999999998836,0.4599999999991269,897.6199999999953
2015-10-26,4791.0,1154.2300000000105,543.1299999999974,1416.0,931.6800000000076,1.1700000000018917,541.8700000000026
2015-10-27,4919.0,1176.1500000000087,578.1700000000055,1428.5,945.9700000000012,1.2000000000007276,584.0099999999948
2015-10-28,5230.0,1146.550000000003,549.2899999999936,1434.699999999997,989.3000000000029,0.4099999999998545,909.1800000000003
2015-10-29,5134.0,1231.6699999999983,530.3300000000017,1506.5,726.8199999999924,195.04000000000087,756.9499999999971
2015-10-30,4550.0,1113.6399999999994,498.9699999999939,1373.699999999997,849.1100000000006,8.25,482.5699999999997
2015-10-31,1721.0,283.72000000000116,149.0699999999997,395.6000000000058,510.15000000000873,0.4400000000023283,309.04999999999563
2015-11-01,1538.0,324.6999999999971,149.17000000000553,401.6999999999971,405.8799999999901,0.43000000000029104,182.5
2015-11-02,4892.0,1223.6699999999983,551.9700000000012,1463.9000000000087,820.6699999999983,49.25,582.9800000000032
2015-11-03,4246.0,1062.5899999999965,424.4400000000023,944.5,755.1499999999942,74.55999999999767,780.0
2015-11-04,4943.0,1258.7899999999936,539.4199999999983,1463.0999999999913,841.8099999999977,77.22999999999956,560.1800000000003
2015-11-05,5101.0,1222.6499999999942,580.489999999998,1477.699999999997,860.9700000000012,156.0699999999997,603.260000000002
2015-11-06,4590.0,1075.8399999999965,525.4200000000055,1425.800000000003,710.1300000000047,192.6800000000003,450.3099999999977
2015-11-07,1778.0,284.43000000000757,177.4499999999971,432.5,455.31999999999243,0.4399999999986903,351.95000000000437
2015-11-08,1581.0,339.1200000000099,149.77000000000407,402.8999999999942,407.3600000000006,0.4599999999991269,203.22000000000116
2015-11-09,4775.0,1185.0299999999988,529.8000000000029,1427.5,887.3799999999901,15.860000000000582,516.3900000000067
2015-11-10,4915.0,1180.300000000003,520.7299999999959,1494.1000000000058,970.6800000000076,2.2000000000007276,530.8199999999997
2015-11-11,2325.0,564.6500000000087,173.37999999999738,471.30000000001746,399.81999999999243,0.36999999999898137,649.1599999999962
2015-11-12,5124.0,1204.0999999999913,518.6800000000003,1465.3999999999942,1001.7299999999959,0.4500000000007276,727.5799999999872
2015-11-13,4826.0,1093.5899999999965,502.75999999999476,1387.5,848.2899999999936,6.139999999999418,780.3199999999924
2015-11-14,2161.0,500.5,147.99000000000524,386.1000000000058,404.679999999993,0.4000000000014552,656.2099999999919
2015-11-15,2139.0,394.52999999999884,147.95000000000437,377.8999999999942,497.3600000000006,0.47999999999956344,659.5600000000122
2015-11-16,4785.0,1204.4000000000087,542.7100000000064,1430.5,871.0699999999924,1.0999999999985448,528.9799999999959
2015-11-17,5143.0,1150.5,522.3300000000017,1498.0999999999767,1075.929999999993,0.3900000000030559,709.6900000000023
2015-11-18,5184.0,1185.8999999999942,537.989999999998,1467.0,1042.4400000000023,0.4800000000032014,763.8999999999942
2015-11-19,5059.0,1129.800000000003,498.52999999999884,1484.3000000000175,943.7999999999884,0.3999999999978172,807.8300000000017
2015-11-20,4666.0,1152.7999999999884,495.5500000000029,1411.5999999999767,716.75,0.43000000000029104,677.3400000000111
2015-11-21,2112.0,328.8999999999942,157.75,452.70000000001164,561.570000000007,0.3600000000005821,548.6000000000058
2015-11-22,1979.0,328.3000000000029,157.0699999999997,418.0,425.22000000000116,0.38000000000101863,584.0599999999977
2015-11-23,5107.0,1198.699999999997,564.2400000000052,1452.2000000000116,1176.25,0.2999999999992724,538.320000000007
2015-11-24,5120.0,1187.6000000000058,514.260000000002,1434.7999999999884,1135.1000000000058,0.42000000000189175,694.2999999999884
2015-11-25,3933.0,1099.300000000003,370.11999999999534,989.7999999999884,955.3000000000029,0.4099999999998545,427.0500000000029
2015-11-26,1733.0,361.8999999999942,142.73999999999796,377.70000000001164,408.6000000000058,0.4000000000014552,454.61999999999534
2015-11-27,1565.0,261.3999999999942,142.69000000000233,405.3999999999942,410.1000000000058,0.43000000000029104,351.6100000000006
2015-11-28,1573.0,415.0,142.5699999999997,384.4000000000233,414.40000000000873,0.4099999999998545,224.0
2015-11-29,1948.0,416.5,142.1600000000035,389.29999999998836,621.8000000000029,0.2900000000008731,395.08000000000175
2015-11-30,5340.0,1178.699999999997,558.1800000000003,1441.1000000000058,1165.0,0.25,895.6800000000076
2015-12-01,5262.0,1307.800000000003,518.2200000000012,1444.8000000000175,1088.0,0.27000000000043656,798.8300000000017
2015-12-02,5179.0,1209.800000000003,532.3600000000006,1470.7000000000116,1028.8999999999942,0.43000000000029104,822.8400000000111
2015-12-03,4182.0,1021.8999999999942,496.5400000000009,1291.1999999999825,831.5,0.36999999999898137,429.47000000000116
2015-12-04,4550.0,1208.300000000003,439.25,1150.8999999999942,963.9000000000087,0.4500000000007276,662.1699999999983
2015-12-05,2161.0,504.6999999999971,167.22000000000116,457.70000000001164,576.0999999999913,0.43000000000029104,473.3700000000099
2015-12-06,2259.0,483.5,141.2800000000061,383.70000000001164,496.1000000000058,0.4500000000007276,775.7399999999907
2015-12-07,5185.0,1278.699999999997,508.3600000000006,1477.2999999999884,947.1000000000058,0.43000000000029104,877.5299999999988
2015-12-08,5410.0,1283.199999999997,507.4499999999971,1523.0,999.6000000000058,0.31999999999970896,999.2300000000105
2015-12-09,5335.0,1321.0,520.679999999993,1479.6000000000058,974.6999999999971,0.4000000000014552,937.6999999999971
2015-12-10,5082.0,1092.0,553.5599999999977,1468.8999999999942,902.1999999999971,0.46000000000276486,925.3300000000017
2015-12-11,4783.0,1267.0999999999767,478.79999999999563,1435.0,876.3000000000029,0.5,613.3899999999994
2015-12-12,2160.0,455.1000000000058,155.87000000000262,420.70000000001164,443.40000000000873,0.47000000000116415,705.320000000007
2015-12-13,1969.0,489.6000000000058,133.3199999999997,396.20000000001164,422.3000000000029,0.3900000000030559,544.4700000000012
2015-12-14,4659.0,1147.9000000000233,573.6299999999974,1449.6000000000058,970.8999999999942,0.43000000000029104,406.2700000000041
2015-12-15,4492.0,1190.8999999999942,509.0200000000041,1419.0,863.3999999999942,0.3999999999978172,397.3500000000058
2015-12-16,4798.0,1139.2000000000116,520.1399999999994,1416.8000000000175,1010.8000000000029,0.3899999999994179,563.9600000000064
2015-12-17,4750.0,1227.2000000000116,503.76000000000204,1500.3000000000175,949.9000000000087,0.41999999999825377,414.91999999999825
2015-12-18,4611.0,1191.3000000000175,509.2900000000009,1373.0,947.5999999999913,0.4000000000014552,421.49000000000524
2015-12-19,2738.0,606.2999999999884,123.55999999999767,432.30000000001746,583.4000000000087,0.31999999999970896,1022.8300000000017
2015-12-20,2419.0,484.29999999998836,123.91999999999825,372.5,585.0,0.3400000000001455,882.070000000007
2015-12-21,4845.0,1337.3000000000175,509.47000000000116,1412.7999999999884,973.5000000000146,0.42000000000189175,495.570000000007
2015-12-22,4773.0,1079.0,486.9300000000003,1380.1000000000058,904.2000000000116,0.3899999999994179,794.0100000000093
2015-12-23,4698.0,1201.4000000000233,483.5899999999965,1350.8000000000175,899.6000000000058,0.42999999999665306,627.8999999999942
2015-12-24,1695.0,353.3999999999942,125.45999999999185,415.3999999999942,428.5999999999767,0.4000000000014552,386.0
2015-12-25,841.0,264.5,75.61000000000058,189.39999999999418,185.89999999999418,0.2999999999992724,130.1999999999971
2015-12-26,1645.0,598.0999999999767,158.13999999999942,364.5999999999767,402.6000000000058,0.4599999999991269,134.0
2015-12-27,1690.0,626.7000000000116,156.13999999999942,382.20000000001164,406.69999999998254,0.37999999999738066,132.10000000000582
2015-12-28,2666.0,624.7999999999884,324.4499999999971,506.29999999998836,914.2000000000116,0.10000000000218279,335.59999999999127
2015-12-29,2739.0,781.6999999999825,218.1600000000035,491.6000000000058,919.1999999999825,0.07999999999810825,370.0
2015-12-30,2774.0,790.7999999999884,264.52999999999884,468.5,891.9000000000233,0.0,398.6000000000058
2015-12-31,2263.0,676.5,286.2299999999959,418.8999999999942,629.7999999999884,0.3400000000001455,281.5
2016-01-01,2187.0,607.5,256.1399999999994,361.6000000000058,582.1000000000058,0.2599999999983993,408.3999999999942
2016-01-02,2215.0,677.3999999999942,235.95999999999185,362.20000000001164,663.5,0.2999999999992724,306.6999999999971
2016-01-03,2416.0,695.9000000000233,124.08999999999651,361.5,591.5,0.3400000000001455,673.6999999999971
2016-01-04,5444.0,1424.7000000000116,497.9400000000023,1422.1000000000058,1201.6000000000058,0.0,814.5999999999913
2016-01-05,5239.0,1331.4000000000233,475.97000000000116,1369.8999999999942,1196.7999999999884,0.0,875.6000000000058
2016-01-06,5382.0,1399.7999999999884,492.41999999999825,1371.7000000000116,1098.5,0.38000000000101863,992.5
2016-01-07,5227.0,1312.1000000000058,542.4799999999959,1394.5,1116.5999999999767,0.3599999999969441,818.0
2016-01-08,5185.0,1338.6000000000058,464.3000000000029,1311.7000000000116,1032.3999999999942,0.1900000000023283,993.8999999999942
2016-01-09,3079.0,642.3999999999942,118.7899999999936,368.70000000001164,482.0,0.21999999999752617,1506.699999999997
2016-01-10,2465.0,753.3999999999942,124.65999999998894,366.0,410.70000000001164,0.36999999999898137,840.3000000000029
2016-01-11,4881.0,1316.6000000000058,488.9100000000035,1356.7999999999884,1144.5999999999767,0.1500000000014552,527.0999999999913
2016-01-12,5286.0,1382.2000000000116,512.0899999999965,1344.0,1136.2999999999884,0.2000000000007276,868.7000000000116
2016-01-13,5232.0,1124.2999999999884,503.4100000000035,1368.2999999999884,1148.0999999999767,0.07000000000334694,1044.199999999997
2016-01-14,5070.0,1085.8999999999942,507.1200000000099,1332.5,1172.3999999999942,0.13999999999941792,921.3000000000029
2016-01-15,5052.0,1202.7999999999884,458.09000000001106,1371.2000000000116,1026.1000000000058,0.22999999999956344,943.6999999999971
2016-01-16,1990.0,541.8999999999942,145.3799999999901,382.4000000000233,671.0,0.1499999999978172,279.1000000000058
2016-01-17,2230.0,669.6999999999825,148.38999999999942,391.20000000001164,708.7000000000116,0.17000000000189175,348.09999999999127
2016-01-18,2395.0,601.1000000000058,149.32000000000698,386.6000000000058,758.0999999999767,0.030000000002473826,540.3999999999942
2016-01-19,5309.0,1195.8000000000175,480.63000000000466,1359.7999999999884,1195.6000000000058,0.0,1081.8999999999942
2016-01-20,5316.0,1142.6000000000058,478.47000000000116,1362.5,1155.0,0.09999999999854481,1118.199999999997
2016-01-21,5002.0,1056.6999999999825,477.4800000000105,1372.8999999999942,1158.5,0.13000000000101863,898.4000000000087
2016-01-22,4835.0,1154.7000000000116,457.1100000000006,1335.5999999999767,1146.3999999999942,0.09000000000014552,742.9000000000087
2016-01-23,2525.0,599.7000000000116,155.76999999998952,404.70000000001164,786.7000000000116,0.0,618.7000000000116
2016-01-24,2402.0,668.3999999999942,139.25,503.3999999999942,728.0,0.22999999999956344,400.59999999999127
2016-01-25,4793.0,1038.3999999999942,449.3899999999994,1269.8999999999942,1132.1000000000058,0.3500000000021828,899.6999999999971
2016-01-26,4669.0,1146.2000000000116,482.7600000000093,1196.5,972.0,0.4099999999998545,869.3999999999942
2016-01-27,4142.0,1022.0,412.02999999999884,1114.8999999999942,950.2999999999884,0.4500000000007276,629.1000000000058
2016-01-28,4801.0,1094.1999999999825,479.9100000000035,1389.8999999999942,1022.0,0.3899999999994179,764.5999999999767
2016-01-29,4386.0,1012.1000000000058,432.75999999999476,1076.3000000000175,1023.0,0.2999999999992724,780.0
2016-01-30,2500.0,835.3999999999942,125.7100000000064,471.20000000001164,960.6999999999825,0.4499999999970896,147.90000000002328
2016-01-31,2707.0,847.8999999999942,126.19999999999709,446.0,823.7999999999884,0.5,503.0
2016-02-01,4294.0,1045.3000000000175,476.2299999999959,1353.8000000000175,826.1000000000058,10.9900000000016,529.6000000000058
2016-02-02,4811.0,1011.5,466.679999999993,1374.5,957.8000000000175,0.3899999999994179,938.5
2016-02-03,4829.0,1053.7000000000116,517.8899999999994,1414.5,984.7000000000116,0.4099999999998545,781.0
2016-02-04,4267.0,1034.3999999999942,512.9000000000087,1380.9000000000233,764.5,0.4500000000007276,523.0
2016-02-05,2930.0,704.3999999999942,278.20999999999185,693.1000000000058,882.1999999999825,0.08000000000174623,279.20000000001164
2016-02-06,2419.0,413.70000000001164,166.11000000000058,437.0,696.0,0.3400000000001455,738.0999999999767
2016-02-07,2136.0,521.2000000000116,133.7399999999907,388.0,572.8999999999942,0.4099999999998545,547.7999999999884
2016-02-08,2402.0,461.0,164.11999999999534,488.80000000001746,742.3999999999942,0.0,558.3999999999942
2016-02-09,5004.0,1071.2999999999884,466.47000000000116,1382.0999999999767,1121.3999999999942,0.08000000000174623,940.7000000000116
2016-02-10,4876.0,1048.2999999999884,479.38000000000466,1363.1999999999825,1091.9000000000233,0.22999999999956344,811.8000000000175
2016-02-11,5309.0,1077.8999999999942,548.8899999999994,1451.3999999999942,1151.2000000000116,0.06000000000130967,979.5
2016-02-12,5012.0,993.6000000000058,421.72000000000116,1295.7000000000116,1144.8999999999942,0.06999999999970896,1160.5
2016-02-13,3332.0,505.79999999998836,121.81999999999243,471.69999999998254,867.5,0.0,1417.5
2016-02-14,3535.0,420.69999999998254,127.40999999998894,495.5999999999767,1059.1999999999825,0.0,1495.5
2016-02-15,2632.0,432.79999999998836,131.89999999999418,492.80000000001746,739.2999999999884,0.029999999998835847,882.0
2016-02-16,2430.0,450.20000000001164,214.7399999999907,613.7000000000116,532.0999999999767,0.5,654.6999999999825
2016-02-17,2601.0,331.70000000001164,215.13999999999942,575.3999999999942,800.1999999999825,0.38000000000101863,720.6000000000058
2016-02-18,2985.0,570.6999999999825,243.09999999999127,553.6000000000058,862.3000000000175,0.17999999999665306,795.8000000000175
2016-02-19,2053.0,262.29999999998836,199.97000000000116,584.3000000000175,690.6999999999825,0.3900000000030559,330.3999999999942
2016-02-20,1425.0,211.60000000000582,124.52999999999884,448.5,404.19999999998254,0.4599999999991269,248.20000000001164
2016-02-21,1795.0,256.5999999999767,137.94000000000233,482.79999999998836,394.5,0.5100000000020373,542.0
2016-02-22,4599.0,988.6999999999825,472.6399999999994,1309.3999999999942,1053.6000000000058,0.38000000000101863,767.3000000000175
2016-02-23,4764.0,983.3999999999942,467.9499999999971,1403.0,1018.6000000000058,0.2699999999967986,826.8999999999942
2016-02-24,4753.0,955.1000000000058,476.8099999999977,1358.9000000000233,1017.5999999999767,0.2800000000024738,825.5999999999767
2016-02-25,4354.0,908.7000000000116,451.8000000000029,1386.5,669.7000000000116,10.720000000001164,808.0
2016-02-26,4638.0,929.8999999999942,456.66999999999825,1301.6999999999825,1075.8999999999942,0.2999999999992724,758.5
2016-02-27,2584.0,269.1000000000058,148.0899999999965,538.1999999999534,738.6999999999825,0.38000000000101863,929.7000000000116
2016-02-28,1422.0,349.20000000001164,139.34000000001106,385.0,420.79999999998836,0.4599999999991269,138.29999999998836
2016-02-29,4302.0,1051.2999999999884,514.4199999999983,1374.9000000000233,858.2000000000116,6.169999999998254,376.0
2016-03-01,4660.0,1273.5,469.3999999999942,1359.7000000000116,1036.1999999999825,0.41999999999825377,389.6000000000058
2016-03-02,4536.0,1158.8000000000175,476.24000000000524,1370.899999999965,993.5,0.31999999999970896,388.6000000000058
2016-03-03,4917.0,1050.7000000000116,528.3000000000029,1354.2000000000116,1134.5999999999767,0.16999999999825377,763.2999999999884
2016-03-04,5225.0,1156.8999999999942,459.6100000000006,1317.7999999999884,1116.1999999999825,0.020000000000436557,1100.1000000000058
2016-03-05,2945.0,285.19999999998254,169.91999999999825,446.0999999999767,708.3000000000175,0.2999999999992724,1376.7000000000116
2016-03-06,3002.0,345.69999999998254,158.4100000000035,449.9000000000233,752.6000000000058,0.42000000000189175,1337.2999999999884
2016-03-07,4475.0,1105.5,486.2700000000041,1363.9000000000233,1044.8999999999942,0.46000000000276486,405.3999999999942
2016-03-08,4685.0,1106.5,515.3600000000006,1391.1999999999534,980.8999999999942,11.789999999997235,556.7000000000116
2016-03-09,4815.0,1131.4000000000233,483.6100000000006,1447.5999999999767,922.3000000000175,117.88999999999942,601.3000000000175
2016-03-10,4838.0,1166.0,488.83000000000175,1532.600000000035,817.5999999999767,142.89999999999782,584.5
2016-03-11,4388.0,963.8000000000175,419.8000000000029,1057.4000000000233,827.7000000000116,19.609999999996944,937.5
2016-03-12,2630.0,173.60000000000582,133.07000000000698,411.5,666.3999999999942,0.5,1272.2999999999884
2016-03-13,2520.0,259.3999999999942,133.5,467.70000000001164,556.8999999999942,0.5100000000020373,1122.2000000000116
2016-03-14,4460.0,1044.2000000000116,470.1999999999971,1346.5,1014.0999999999767,0.4599999999991269,417.0
2016-03-15,4778.0,1054.1000000000058,480.6000000000058,1397.2999999999884,1023.2999999999884,0.43000000000029104,648.6000000000058
2016-03-16,4538.0,1045.8999999999942,484.3000000000029,1403.4000000000233,943.6999999999825,23.30000000000291,456.20000000001164
2016-03-17,4731.0,1051.1000000000058,491.6000000000058,1366.7000000000116,923.8999999999942,50.81999999999971,669.6999999999825
2016-03-18,4405.0,953.2000000000116,481.8000000000029,1328.2999999999884,986.8999999999942,2.9900000000016007,474.0999999999767
2016-03-19,2812.0,346.30000000001746,143.0,596.3999999999651,747.2000000000116,0.4800000000032014,1015.2000000000116
2016-03-20,1535.0,259.29999999998836,130.3000000000029,369.19999999995343,641.3999999999942,0.4099999999998545,152.29999999998836
2016-03-21,2015.0,297.69999999998254,127.60000000000582,403.30000000004657,635.6999999999825,0.3600000000005821,482.6000000000058
2016-03-22,4549.0,1125.6999999999825,459.3000000000029,1333.9000000000233,1059.8999999999942,0.6599999999998545,420.6000000000058
2016-03-23,4856.0,1099.8999999999942,494.8999999999942,1443.2000000000116,930.8999999999942,38.150000000001455,722.8999999999942
2016-03-24,4513.0,1020.7000000000116,479.70000000001164,1332.2000000000116,1017.0,0.38000000000101863,512.1000000000058
2016-03-25,1937.0,390.19999999998254,154.39999999999418,439.9000000000233,639.6000000000058,0.32999999999810825,315.1000000000058
2016-03-26,1746.0,349.6000000000058,140.89999999999418,345.70000000001164,504.5,0.4099999999998545,423.8999999999942
2016-03-27,1907.0,185.0,138.90000000000873,388.9000000000233,528.0999999999767,0.43000000000029104,687.7999999999884
2016-03-28,4526.0,1085.2000000000116,477.0,1401.7999999999884,1006.5,0.3899999999994179,423.6000000000058
2016-03-29,4904.0,1061.5,469.6999999999971,1367.2999999999884,976.8000000000175,0.4399999999986903,891.7000000000116
2016-03-30,4656.0,1018.3000000000175,487.1000000000058,1361.0,940.7999999999884,24.149999999997817,696.3000000000175
2016-03-31,4441.0,1006.0,483.0,1391.7999999999884,841.3999999999942,152.15000000000146,412.4000000000233
2016-04-01,4804.0,1154.8999999999942,458.59999999999127,1335.7000000000116,732.0,260.7800000000025,691.5
2016-04-02,2508.0,241.79999999998836,122.0,394.29999999998836,485.20000000001164,0.43000000000029104,1286.2000000000116
2016-04-03,2611.0,319.8999999999942,121.69999999999709,414.20000000001164,680.4000000000233,0.22999999999956344,1107.6000000000058
2016-04-04,4768.0,1016.0999999999767,454.8999999999942,1331.0,1172.0,0.0,711.7999999999884
2016-04-05,4778.0,1030.0,474.8999999999942,1345.7000000000116,1153.100000000035,0.2900000000008731,683.6000000000058
2016-04-06,4733.0,1070.8000000000175,487.1999999999971,1323.9000000000233,1047.2999999999884,0.5299999999988358,703.2999999999884
2016-04-07,4459.0,1064.399999999965,530.1999999999971,1346.899999999965,876.5999999999767,0.4099999999998545,535.3999999999942
2016-04-08,4318.0,1021.6000000000349,487.1000000000058,1268.399999999965,948.2999999999884,0.4599999999991269,499.20000000001164
2016-04-09,1566.0,210.29999999998836,146.79999999998836,383.5,533.0999999999767,0.5100000000020373,305.70000000001164
2016-04-10,1674.0,196.10000000003492,123.30000000000291,378.70000000001164,535.5,0.4699999999975262,456.3999999999942
2016-04-11,4503.0,1031.8000000000466,483.1000000000058,1336.7000000000116,893.0,0.4000000000014552,684.5
2016-04-12,4536.0,1045.2000000000116,466.1999999999971,1381.5999999999767,762.4000000000233,29.590000000000146,703.5
2016-04-13,4742.0,1025.0,476.8000000000029,1361.2000000000116,893.2999999999884,29.0,802.0999999999767
2016-04-14,4690.0,936.9000000000233,520.2000000000116,1339.5999999999767,889.2000000000116,40.56999999999971,793.1000000000058
2016-04-15,4400.0,943.1000000000349,424.0,1258.2000000000116,837.0,58.22999999999956,708.2000000000116
2016-04-16,2389.0,173.20000000001164,119.70000000001164,359.29999999998836,408.70000000001164,0.569999999999709,1346.3999999999942
2016-04-17,1866.0,151.20000000001164,120.39999999999418,377.5,474.5,0.48999999999796273,759.2000000000116
2016-04-18,1430.0,167.0,121.5,362.4000000000233,422.79999999998836,0.4099999999998545,366.70000000001164
2016-04-19,1617.0,240.60000000003492,207.1999999999971,464.79999999998836,479.9000000000233,0.3999999999978172,233.10000000000582
2016-04-20,1657.0,206.90000000002328,229.8000000000029,468.70000000001164,490.0999999999767,0.4599999999991269,270.6000000000058
2016-04-21,1808.0,160.20000000001164,196.0,459.79999999998836,534.0,1.319999999999709,491.1000000000058
2016-04-22,1953.0,212.70000000001164,163.3000000000029,497.29999999998836,469.70000000001164,5.200000000000728,642.8000000000175
2016-04-23,1154.0,172.80000000004657,119.70000000001164,340.4000000000233,416.4000000000233,0.37000000000261934,133.29999999998836
2016-04-24,1382.0,157.0,119.89999999999418,369.6000000000349,441.0,0.5200000000004366,324.80000000001746
2016-04-25,4381.0,949.8999999999651,467.20000000001164,1342.9000000000233,840.2999999999884,68.96999999999753,572.6000000000058
2016-04-26,4556.0,980.7999999999884,512.7999999999884,1395.7999999999884,982.5,0.42000000000189175,523.3000000000175
2016-04-27,4505.0,928.0999999999767,473.59999999999127,1321.5,904.3000000000466,62.18000000000029,656.2000000000116
2016-04-28,4346.0,900.6000000000349,505.6999999999971,1298.2000000000116,890.2999999999884,56.62000000000262,534.0999999999767
2016-04-29,4252.0,916.7000000000116,480.1999999999971,1265.7999999999884,888.7000000000116,40.64999999999782,494.30000000001746
2016-04-30,1564.0,153.30000000004657,126.0,350.29999999998836,428.70000000001164,0.5499999999992724,544.3999999999942
2016-05-01,1184.0,180.90000000002328,127.30000000000291,362.5999999999767,414.0,0.43000000000029104,131.70000000001164
2016-05-02,4689.0,974.7999999999884,492.1999999999971,1338.0999999999767,957.6000000000349,0.4000000000014552,776.5
2016-05-03,4209.0,927.0,450.59999999999127,1322.100000000035,900.5999999999767,11.150000000001455,433.69999999998254
2016-05-04,4342.0,913.0999999999767,480.8000000000029,1335.0,924.2999999999884,3.969999999997526,521.7999999999884
2016-05-05,4574.0,947.1000000000349,535.9000000000087,1352.100000000035,963.5999999999767,0.4099999999998545,704.0999999999767
2016-05-06,4156.0,936.1000000000349,448.1000000000058,1253.2999999999884,794.3999999999651,104.61000000000058,470.80000000001746
2016-05-07,2419.0,215.79999999998836,160.70000000001164,407.3999999999651,499.5,0.4099999999998545,1169.1000000000058
2016-05-08,1150.0,147.29999999998836,120.90000000000873,351.0,431.30000000004657,0.3999999999978172,130.29999999998836
2016-05-09,4214.0,961.7999999999884,467.3999999999942,1269.9000000000233,835.8999999999651,76.18999999999869,443.6000000000058
2016-05-10,4275.0,933.0999999999767,467.8000000000029,1293.2000000000116,842.7000000000116,132.8199999999997,429.0
2016-05-11,4437.0,936.7999999999884,472.5,1292.9000000000233,805.0,221.75,533.0
2016-05-12,4469.0,960.4000000000233,461.1999999999971,1288.5999999999767,791.8000000000466,242.65999999999985,540.5
2016-05-13,4452.0,952.1000000000349,420.40000000000873,1105.2000000000116,750.0,261.27000000000044,789.0999999999767
2016-05-14,2593.0,137.10000000003492,124.59999999999127,361.5,474.0,1.0,1545.2000000000116
2016-05-15,1549.0,168.0,124.5,380.0,430.4000000000233,0.4399999999986903,477.79999999998836
2016-05-16,4468.0,870.5999999999767,463.90000000000873,1295.7000000000116,876.0,41.77000000000044,739.6999999999825
2016-05-17,4859.0,984.5,476.3000000000029,1322.2999999999884,795.7000000000116,202.72999999999956,884.3999999999942
2016-05-18,4845.0,985.0,476.1999999999971,1317.7000000000116,771.3999999999651,194.9300000000003,892.8999999999942
2016-05-19,4600.0,995.7999999999884,531.0,1329.9000000000233,796.7999999999884,225.26000000000204,598.1000000000058
2016-05-20,4472.0,948.7999999999884,472.8000000000029,1222.5,744.5,252.11999999999898,633.1000000000058
2016-05-21,2758.0,156.89999999996508,125.89999999999418,376.8999999999651,455.0999999999767,0.819999999999709,1675.5
2016-05-22,1447.0,166.29999999998836,126.69999999999709,378.3999999999651,416.79999999998836,0.37999999999738066,373.29999999998836
2016-05-23,4863.0,972.3000000000466,507.1999999999971,1329.2000000000116,789.9000000000233,300.3600000000006,797.0
2016-05-24,4599.0,966.6000000000349,501.1000000000058,1351.3000000000466,758.7999999999884,147.0600000000013,639.0
2016-05-25,5354.0,1097.7999999999884,551.1000000000058,1401.7999999999884,759.9000000000233,380.0,970.3999999999942
2016-05-26,5591.0,1059.7000000000116,537.6000000000058,1510.600000000035,703.5,512.6499999999978,1072.6999999999825
2016-05-27,5262.0,1047.0,468.1000000000058,1369.2999999999884,696.9000000000233,443.5600000000013,1130.5
2016-05-28,1312.0,154.0,138.0,426.5,446.8999999999651,0.3899999999994179,161.39999999999418
2016-05-29,1397.0,142.90000000002328,135.39999999999418,569.0,414.79999999998836,0.3899999999994179,149.69999999998254
2016-05-30,1580.0,180.70000000001164,136.60000000000582,410.0999999999767,420.79999999998836,0.3600000000005821,450.19999999998254
2016-05-31,5882.0,1095.9000000000233,515.8000000000175,1487.2000000000116,658.7000000000116,556.1100000000006,1456.3000000000175
2016-06-01,5107.0,1039.5,511.6000000000058,1665.0,619.5999999999767,439.2000000000007,612.1000000000058
2016-06-02,4789.0,977.0,490.9000000000233,1512.399999999965,708.7999999999884,353.59000000000015,524.7000000000116
2016-06-03,4737.0,1026.2999999999884,443.0,1110.2999999999884,627.0999999999767,322.1399999999994,1121.8999999999942
2016-06-04,2639.0,201.40000000002328,215.70000000001164,464.8999999999651,481.8999999999651,93.90999999999985,1191.0
2016-06-05,2098.0,148.20000000001164,123.79999999998836,489.4000000000233,462.79999999998836,0.6900000000023283,895.6999999999825
2016-06-07,3213.0,643.0999999999767,328.9000000000233,1073.100000000035,447.79999999998836,252.9300000000003,338.1000000000058
2016-06-08,5010.0,927.0999999999767,497.6000000000058,1579.5,662.1999999999534,243.34999999999854,892.8000000000175
2016-06-09,4766.0,893.3999999999651,491.79999999998836,1451.8000000000466,711.2999999999884,133.86000000000058,871.6000000000058
2016-06-10,4554.0,876.0999999999767,450.6000000000058,1372.600000000035,703.5,131.88000000000102,820.2999999999884
2016-06-11,2404.0,210.59999999997672,161.70000000001164,396.0999999999767,458.19999999995343,0.42000000000189175,1220.7000000000116
2016-06-12,2205.0,115.09999999997672,137.40000000002328,424.0999999999767,486.5,0.31999999999970896,1084.3999999999942
2016-06-13,4733.0,960.7000000000116,506.1000000000058,1429.600000000035,703.0,188.75,790.2999999999884
2016-06-14,4659.0,948.0,472.1000000000058,1381.5,699.5,203.30999999999767,828.0
2016-06-15,4806.0,1028.7999999999884,524.8999999999942,1370.4000000000233,658.5,339.6100000000006,807.6999999999825
2016-06-16,5407.0,1055.7000000000116,519.1999999999825,1478.5,660.5,363.3199999999997,1195.8999999999942
2016-06-17,4518.0,979.1000000000349,480.3999999999942,1476.100000000035,677.5999999999767,310.90999999999985,424.0
2016-06-18,2585.0,110.39999999996508,125.30000000001746,347.1000000000349,447.20000000001164,74.22000000000116,1509.1000000000058
2016-06-19,1155.0,106.39999999996508,126.70000000001164,372.4000000000233,446.0,0.4599999999991269,132.10000000000582
2016-06-20,5398.0,1099.7999999999884,479.30000000001746,1422.4000000000233,686.9000000000233,482.09000000000015,1039.6000000000058
2016-06-21,5392.0,1159.2999999999884,449.1000000000058,1267.5999999999767,645.5,481.5499999999993,1293.0
2016-06-22,4763.0,968.4000000000233,460.0,1082.0,674.9000000000233,293.40999999999985,1146.100000000035
2016-06-23,4828.0,893.4000000000233,389.3999999999942,1089.5,689.1999999999534,324.6800000000003,1300.7999999999884
2016-06-24,3422.0,810.4000000000233,354.8999999999942,711.2000000000116,540.7000000000116,303.91999999999825,584.0999999999767
2016-06-25,1914.0,134.89999999996508,102.39999999999418,277.29999999998836,436.0999999999767,1.7300000000032014,1000.3000000000466
2016-06-26,1085.0,127.0,102.79999999998836,315.29999999998836,426.5999999999767,0.569999999999709,141.29999999998836
2016-06-27,3256.0,1059.9000000000233,201.59999999997672,626.3999999999651,517.4000000000233,502.1899999999987,228.90000000002328
2016-06-28,2695.0,903.5,234.89999999999418,644.5,517.5999999999767,180.04000000000087,223.29999999998836
2016-06-29,3181.0,1068.7999999999884,259.30000000001746,653.7000000000116,538.5,374.1100000000042,213.79999999998836
2016-06-30,3208.0,1195.2000000000116,264.0,660.7000000000116,543.2000000000116,298.98999999999796,161.0
2016-07-01,2933.0,978.0999999999767,207.39999999999418,702.0,517.5,304.01000000000204,168.20000000001164
2016-07-02,1248.0,102.89999999996508,111.79999999998836,501.0,440.4000000000233,0.19999999999708962,125.20000000001164
2016-07-03,1280.0,118.29999999998836,111.80000000001746,519.0,438.5,0.1500000000014552,125.70000000001164
2016-07-04,1984.0,218.70000000001164,112.70000000001164,519.6000000000349,441.5,0.19999999999708962,734.7999999999884
2016-07-05,3277.0,1073.4000000000233,247.39999999999418,724.0,510.0999999999767,479.47000000000116,167.0
2016-07-06,3698.0,1169.899999999965,274.6000000000058,884.6000000000349,529.5,510.5400000000009,151.10000000003492
2016-07-07,3386.0,1157.1999999999534,258.9000000000233,636.4000000000233,555.5,355.1900000000023,224.60000000003492
2016-07-08,2846.0,1066.8000000000466,211.0,587.5999999999767,494.5,229.12000000000262,166.39999999996508
2016-07-09,1056.0,167.29999999998836,110.20000000001164,271.0,405.70000000001164,0.27000000000407454,129.69999999995343
2016-07-10,1043.0,124.39999999996508,111.5,296.9000000000233,408.8999999999651,0.2699999999967986,129.20000000001164
2016-07-11,1958.0,474.0,259.3999999999942,449.5999999999767,520.4000000000233,91.75,169.29999999998836
2016-07-12,2420.0,533.5,286.70000000001164,500.6000000000349,551.7999999999884,284.1999999999971,178.40000000002328
2016-07-13,3256.0,866.2999999999884,326.0,689.6000000000349,545.0,430.59999999999854,214.70000000001164
2016-07-14,3331.0,980.2000000000116,301.5,928.7999999999884,505.5,258.40000000000146,200.29999999998836
2016-07-15,3644.0,1280.8000000000466,245.89999999999418,985.7999999999884,506.80000000004657,278.9400000000023,162.39999999996508
2016-07-16,2567.0,983.6000000000349,121.10000000000582,694.9000000000233,443.20000000001164,0.1500000000014552,123.5
2016-07-17,2528.0,926.2000000000116,118.89999999999418,711.2000000000116,444.5,0.16000000000349246,126.5
2016-07-18,4209.0,1200.399999999965,252.40000000002328,933.2999999999884,527.7000000000116,298.6200000000026,810.1000000000349
2016-07-19,3619.0,1151.4000000000233,252.89999999999418,893.5,506.79999999998836,226.99000000000524,387.69999999995343
2016-07-20,3505.0,1111.7999999999884,321.0,772.7000000000116,531.0,155.0699999999997,428.4000000000233
2016-07-21,3475.0,1118.2000000000116,254.20000000001164,855.2999999999884,530.4000000000233,179.9300000000003,378.0999999999767
2016-07-22,4362.0,1115.2000000000116,232.20000000001164,784.7000000000116,512.8999999999651,311.0699999999997,1211.7000000000116
2016-07-23,3479.0,934.2999999999884,113.30000000001746,325.79999999998836,468.9000000000233,0.09999999999854481,1381.600000000035
2016-07-24,2868.0,860.9000000000233,112.20000000001164,341.8999999999651,457.5999999999767,0.13999999999941792,833.0
2016-07-25,4077.0,1203.7999999999884,232.0,647.2999999999884,541.0999999999767,534.8199999999997,619.5999999999767
2016-07-26,4540.0,1292.7999999999884,298.5,1018.0,568.5999999999767,566.9100000000035,469.5999999999767
2016-07-27,4367.0,1299.4000000000233,310.0,1159.7999999999884,553.5,481.5,260.20000000001164
2016-07-28,4357.0,1283.399999999965,287.1000000000058,1121.2999999999884,525.6000000000349,553.4699999999939,255.19999999995343
2016-07-29,4089.0,1274.399999999965,256.79999999998836,1013.8000000000466,530.5,271.9300000000003,502.4000000000233
2016-07-30,2604.0,824.0,107.39999999999418,679.7999999999884,454.79999999998836,0.11000000000058208,278.70000000001164
2016-07-31,2584.0,864.2999999999884,105.39999999999418,656.2000000000116,418.5999999999767,0.19999999999708962,281.20000000001164
2016-08-01,4805.0,1246.5,360.5999999999767,1088.0999999999767,510.20000000001164,335.1999999999971,993.3000000000466
2016-08-02,4561.0,1188.0999999999767,389.3999999999942,1071.2000000000116,529.1000000000349,264.98999999999796,851.0999999999767
2016-08-03,3849.0,1014.0,315.0,740.4000000000233,536.2999999999884,149.15000000000146,872.9000000000233
2016-08-04,4033.0,1010.5,320.0,910.7999999999884,544.7000000000116,164.1600000000035,879.3999999999651
2016-08-05,4349.0,887.6000000000349,284.6000000000058,1107.399999999965,539.3999999999651,189.7800000000061,1191.9000000000233
2016-08-06,2817.0,725.2999999999884,94.09999999997672,593.3999999999651,471.20000000001164,0.5100000000020373,838.3999999999651
2016-08-07,2370.0,608.2999999999884,94.10000000000582,347.20000000001164,468.29999999998836,0.18000000000029104,845.1999999999534
2016-08-08,2319.0,642.5999999999767,196.29999999998836,453.9000000000233,549.5,187.16999999999825,255.20000000001164
2016-08-09,2280.0,567.9000000000233,221.0,443.79999999998836,567.2000000000116,199.93999999999505,244.40000000002328
2016-08-10,2287.0,570.6000000000349,197.69999999998254,484.5999999999767,546.7000000000116,198.58000000000175,254.10000000003492
2016-08-11,3191.0,699.2999999999884,222.80000000001746,502.0,555.5,301.0599999999977,876.4000000000233
2016-08-12,4053.0,606.7999999999884,208.29999999998836,559.9000000000233,544.1000000000349,304.1499999999942,1794.899999999965
2016-08-13,2198.0,448.4000000000233,101.19999999998254,292.5,459.0,0.1900000000023283,887.9000000000233
2016-08-14,2170.0,312.3999999999651,102.40000000002328,376.79999999998836,471.4000000000233,0.12000000000261934,897.7999999999884
2016-08-15,3567.0,619.2000000000116,192.5,573.1999999999534,548.0999999999767,626.1299999999974,874.7000000000116
2016-08-16,2812.0,526.3999999999651,138.10000000000582,529.7999999999884,590.2999999999884,238.40999999999622,781.9000000000233
2016-08-17,3833.0,537.6000000000349,109.0,973.2000000000116,613.2999999999884,646.2400000000052,767.4000000000233
2016-08-18,2996.0,555.5,221.0,635.5,540.0,213.3000000000029,817.7000000000116
2016-08-19,2931.0,512.0,161.69999999998254,497.20000000001164,514.2000000000116,238.02000000000407,1052.7999999999884
2016-08-20,1322.0,352.80000000004657,111.39999999999418,308.20000000001164,451.20000000001164,0.3899999999994179,129.60000000003492
2016-08-21,1416.0,357.79999999998836,108.29999999998836,338.29999999998836,445.5,0.3499999999985448,195.89999999996508
2016-08-22,2470.0,593.5999999999767,230.20000000001164,620.9000000000233,506.70000000001164,209.1999999999971,301.79999999998836
2016-08-23,3293.0,611.2999999999884,196.10000000000582,879.6999999999534,508.70000000001164,133.23999999999796,788.7000000000116
2016-08-24,4064.0,610.7999999999884,240.79999999998836,769.5999999999767,677.1999999999534,236.54999999999563,1504.7000000000116
2016-08-25,3340.0,518.5,173.0,669.7999999999884,600.7999999999884,249.44000000000233,1190.1999999999534
2016-08-26,4039.0,731.0,304.79999999998836,758.2000000000116,618.1999999999534,282.6399999999994,1309.6999999999534
2016-08-27,2854.0,540.3999999999651,121.10000000000582,529.7000000000116,483.9000000000233,0.16000000000349246,1138.9000000000233
2016-08-28,1965.0,360.70000000001164,117.70000000001164,406.29999999998836,462.5,0.1900000000023283,655.7000000000116
2016-08-29,5434.0,919.0,444.0,1455.9000000000233,693.2000000000116,626.7599999999948,1082.7999999999884
2016-08-30,4696.0,862.8000000000466,444.19999999998254,1290.5,747.7999999999884,342.22000000000116,782.0999999999767
2016-08-31,5503.0,1003.6999999999534,536.1000000000058,1621.0,711.0999999999767,547.0900000000038,866.7999999999884
2016-09-01,6122.0,1249.4000000000233,520.6000000000058,1674.7999999999884,715.2999999999884,782.0500000000029,969.4000000000233
2016-09-02,5564.0,1234.5999999999767,490.80000000001746,1535.0,678.2999999999884,550.7200000000012,860.0999999999767
2016-09-03,2284.0,810.0,116.90000000002328,327.20000000001164,437.79999999998836,98.43000000000029,510.70000000001164
2016-09-04,2039.0,662.9000000000233,118.10000000000582,357.0,423.5999999999767,0.33000000000174623,515.2000000000116
2016-09-05,1975.0,689.2999999999884,118.0,322.79999999998836,428.30000000004657,0.3400000000037835,455.5999999999767
2016-09-06,5375.0,1370.9000000000233,503.20000000001164,1626.4000000000233,719.0999999999767,524.8999999999942,409.69999999995343
2016-09-07,5599.0,1374.899999999965,524.8999999999942,1654.2999999999884,705.5,626.6599999999962,500.20000000001164
2016-09-08,6149.0,1444.5,569.3999999999942,1653.2999999999884,746.5,710.489999999998,802.7999999999884
2016-09-09,6103.0,1282.899999999965,587.6000000000058,1651.7000000000116,748.5,635.25,991.0
2016-09-10,2276.0,655.2000000000116,157.80000000001746,387.8999999999651,480.4000000000233,0.11000000000058208,635.1000000000349
2016-09-11,1751.0,496.80000000004657,112.0,376.70000000001164,368.0999999999767,0.48999999999796273,419.0
2016-09-12,5411.0,1066.0,534.9000000000233,1501.399999999965,808.9000000000233,335.9400000000023,939.0999999999767
2016-09-13,5479.0,990.2999999999884,514.5,1481.5,821.9000000000233,446.1900000000023,1043.5
2016-09-14,6318.0,1132.899999999965,618.6999999999825,1878.8000000000466,761.7999999999884,663.0299999999988,1037.0
2016-09-15,4714.0,971.0999999999767,489.29999999998836,1514.0,773.9000000000233,266.4400000000023,479.9000000000233
2016-09-16,4558.0,998.5,478.0,1442.2999999999884,796.9000000000233,251.04000000000087,380.5
2016-09-17,1204.0,160.60000000003492,113.29999999998836,348.8999999999651,445.20000000001164,0.41000000000349246,162.69999999995343
2016-09-18,1188.0,147.39999999996508,114.89999999999418,381.20000000001164,433.29999999998836,0.3499999999985448,138.70000000001164
2016-09-19,5354.0,1162.399999999965,526.7000000000116,1644.4000000000233,704.9000000000233,633.8800000000047,460.70000000001164
2016-09-20,5331.0,1151.5999999999767,533.1000000000058,1617.4000000000233,718.0,590.8499999999985,506.5
2016-09-21,5053.0,1113.600000000035,529.7999999999884,1594.2000000000116,719.5999999999767,461.52999999999884,434.0
2016-09-22,5153.0,1054.0,511.5999999999767,1542.2000000000116,780.0999999999767,452.75,598.4000000000233
2016-09-23,4746.0,1052.2000000000116,438.0999999999767,1364.100000000035,671.3999999999651,359.45000000000437,653.6999999999534
2016-09-24,1280.0,192.60000000003492,115.5,336.70000000001164,454.20000000001164,0.4400000000023283,208.79999999998836
2016-09-25,1322.0,165.0,114.0,389.0999999999767,454.0,0.39999999999417923,228.60000000003492
2016-09-26,4379.0,1010.2999999999884,485.19999999998254,1383.5,846.7000000000116,82.44000000000233,367.4000000000233
2016-09-27,4547.0,1033.7999999999884,496.5,1515.5999999999767,692.7999999999884,227.29000000000087,405.5
2016-09-28,4157.0,905.2999999999884,484.20000000001164,1485.7000000000116,706.2000000000116,21.539999999993597,368.70000000001164
2016-09-29,4304.0,994.5999999999767,493.3999999999942,1386.2999999999884,829.4000000000233,44.720000000001164,388.0999999999767
2016-09-30,4901.0,1063.8000000000466,474.8999999999942,1338.0999999999767,812.0,25.540000000000873,1019.0999999999767
2016-10-01,1573.0,228.90000000002328,145.60000000000582,395.30000000004657,506.0,0.3699999999953434,330.9000000000233
2016-10-02,1274.0,174.59999999997672,116.19999999998254,380.20000000001164,477.8999999999651,0.4000000000014552,156.59999999997672
2016-10-03,2181.0,440.8999999999651,295.0999999999767,467.5,648.3999999999651,0.43000000000029104,296.0
2016-10-04,4298.0,1186.7000000000116,478.69999999998254,1284.6999999999534,741.0,59.13999999999942,360.8999999999651
2016-10-05,4384.0,1057.100000000035,491.5,1294.0999999999767,870.3000000000466,58.830000000001746,469.20000000001164
2016-10-06,4788.0,1114.1999999999534,511.69999999998254,1288.5,907.1000000000349,102.43999999999505,719.7999999999884
2016-10-07,4312.0,1035.100000000035,453.70000000001164,1247.0999999999767,845.5,164.66999999999825,400.1000000000349
2016-10-08,1822.0,175.70000000001164,113.60000000000582,495.0999999999767,519.0999999999767,0.5,556.0999999999767
2016-10-09,1200.0,174.80000000004657,111.80000000001746,350.5,447.0,0.3400000000037835,144.39999999996508
2016-10-10,1403.0,191.59999999997672,112.60000000000582,311.0,453.0999999999767,0.4699999999938882,368.4000000000233
2016-10-11,1457.0,231.59999999997672,121.20000000001164,385.0999999999767,550.5999999999767,0.4800000000032014,203.29999999998836
2016-10-12,1434.0,218.20000000001164,118.60000000000582,403.0,473.5999999999767,0.48999999999796273,253.0
2016-10-13,4461.0,1095.5,519.5999999999767,1299.5,838.5999999999767,84.20999999999913,477.70000000001164
2016-10-14,4252.0,990.7999999999884,435.6000000000058,1245.7999999999302,925.0,12.849999999998545,494.0
2016-10-15,1734.0,206.40000000002328,141.0,377.5,523.7999999999884,0.5100000000020373,527.2000000000116
2016-10-16,1705.0,209.0,114.29999999998836,349.69999999995343,461.9000000000233,0.4400000000023283,611.1000000000349
2016-10-17,4833.0,1082.7999999999884,487.0,1274.4000000000233,809.1999999999534,133.34000000000378,904.2999999999884
2016-10-18,4722.0,975.0,524.1000000000058,1372.9000000000233,809.9000000000233,33.09000000000378,847.2999999999884
2016-10-19,5365.0,1104.7000000000116,480.20000000001164,1349.4000000000233,729.0,284.6999999999971,1334.7999999999884
2016-10-20,4707.0,1068.0,456.8999999999942,1315.0,830.0,61.05999999999767,810.4000000000233
2016-10-21,5033.0,1049.7999999999884,461.6000000000058,1316.5999999999767,690.2999999999884,233.82000000000698,1108.7999999999884
2016-10-22,1826.0,242.20000000001164,150.5,416.70000000006985,524.0999999999767,0.3899999999994179,533.7000000000116
2016-10-23,1669.0,246.70000000001164,122.09999999997672,378.19999999995343,465.79999999998836,0.4499999999970896,497.20000000001164
2016-10-24,4308.0,974.5999999999767,458.6000000000058,1305.0,879.1999999999534,5.629999999997381,530.4000000000233
2016-10-25,4622.0,1148.100000000035,457.0,1279.7999999999302,1086.100000000035,0.3899999999994179,516.7000000000116
2016-10-26,4678.0,1084.899999999965,492.0999999999767,1259.5999999999767,1047.5,0.41000000000349246,644.1000000000349
2016-10-27,4847.0,1108.899999999965,538.0,1307.5999999999767,1032.899999999965,0.35000000000582077,710.7000000000116
2016-10-28,4488.0,981.2000000000116,469.80000000001746,1294.6000000000931,963.5,0.37999999999738066,622.0999999999767
2016-10-29,1255.0,253.40000000002328,116.39999999999418,319.20000000006985,461.29999999998836,0.43000000000029104,137.5
2016-10-30,2048.0,213.5,113.89999999999418,356.60000000009313,442.5,0.41999999999825377,964.8999999999651
2016-10-31,4310.0,1000.5999999999767,462.9000000000233,1306.5,1004.7999999999884,0.3699999999953434,399.0
2016-11-01,4435.0,1033.1999999999534,461.4000000000233,1327.2999999999302,957.5999999999767,0.5099999999947613,517.2000000000116
2016-11-02,4531.0,1066.399999999965,471.3999999999942,1350.5,876.4000000000233,60.36999999999534,547.0
2016-11-03,4360.0,1061.600000000035,464.20000000001164,1356.5999999999767,841.1000000000349,3.400000000001455,465.8999999999651
2016-11-04,4607.0,1012.3000000000466,452.3999999999942,1304.9000000000233,930.3999999999651,0.47999999999592546,735.9000000000233
2016-11-05,1735.0,264.70000000001164,146.89999999999418,340.9000000000233,597.7999999999884,0.3099999999976717,427.5999999999767
2016-11-06,1294.0,271.79999999998836,113.19999999998254,352.30000000004657,452.0,0.3699999999953434,136.59999999997672
2016-11-07,4577.0,1061.7999999999884,470.5,1355.0,1065.4000000000233,0.3900000000066939,487.5999999999767
2016-11-08,2614.0,588.5999999999767,265.80000000001746,603.1999999999534,818.0,3.709999999999127,390.0
2016-11-09,4483.0,1138.7999999999884,507.0,1290.9000000000233,890.3000000000466,10.709999999999127,517.2999999999884
2016-11-10,4485.0,993.7999999999884,489.1000000000058,1269.8999999999069,983.5,0.5099999999947613,595.3000000000466
2016-11-11,1728.0,217.5,111.5,326.5,437.9000000000233,0.41000000000349246,676.0
2016-11-12,1583.0,250.29999999998836,107.59999999997672,298.0,530.0999999999767,0.43000000000029104,435.80000000004657
2016-11-13,1468.0,221.5,108.29999999998836,346.0999999999767,438.0,0.4599999999991269,390.0999999999767
2016-11-14,4343.0,990.5,480.9000000000233,1276.0999999999767,885.0,16.239999999997963,576.8999999999651
2016-11-15,4477.0,1015.4000000000233,454.80000000001746,1307.7999999999302,987.7000000000116,0.3400000000037835,579.7000000000116
2016-11-16,4490.0,997.2999999999884,473.79999999998836,1345.3999999999069,958.5,0.3600000000005821,557.5999999999767
2016-11-17,4412.0,1000.7000000000116,475.29999999998836,1338.4000000000233,877.2999999999884,0.3699999999953434,569.3999999999651
2016-11-18,4342.0,1029.0,452.8999999999942,1310.7999999999302,891.2000000000116,29.25,473.69999999995343
2016-11-19,1474.0,196.5,110.70000000001164,363.0999999999767,528.7999999999884,0.5100000000020373,311.4000000000233
2016-11-20,1551.0,210.79999999998836,110.0,363.69999999995343,476.20000000001164,0.31999999999970896,428.8999999999651
2016-11-21,4716.0,1056.5999999999767,481.0,1334.2999999999302,1182.2000000000116,0.22999999999592546,531.0999999999767
2016-11-22,4673.0,997.5,442.5999999999767,1243.8000000000466,1038.9000000000233,0.3699999999953434,805.1999999999534
2016-11-23,3621.0,997.6999999999534,353.29999999998836,803.5,971.4000000000233,0.3400000000037835,339.29999999998836
2016-11-24,1664.0,273.8999999999651,114.5,316.30000000004657,550.7999999999884,0.31999999999970896,452.79999999998836
2016-11-25,1553.0,248.60000000003492,113.80000000001746,336.9000000000233,432.20000000001164,0.37999999999738066,460.20000000001164
2016-11-26,1277.0,338.0,107.30000000001746,311.0,419.79999999998836,0.3600000000005821,135.5
2016-11-27,1803.0,328.5,109.29999999998836,341.0999999999767,563.7000000000116,0.3499999999985448,506.70000000001164
2016-11-28,4522.0,1090.9000000000233,446.6000000000058,1279.9000000000233,1105.9000000000233,0.3400000000037835,488.80000000004657
2016-11-29,4722.0,1126.7000000000116,487.69999999998254,1298.2999999999302,1048.0,0.3899999999994179,643.0999999999767
2016-11-30,4567.0,1066.7999999999884,457.6000000000058,1347.2000000000698,1041.0999999999767,0.3600000000005821,511.6000000000349
2016-12-01,4321.0,1021.0,500.4000000000233,1299.5999999999767,950.9000000000233,0.4599999999991269,407.8999999999651
2016-12-02,4178.0,988.2999999999884,390.8999999999942,1013.4000000000233,992.7999999999884,0.4599999999991269,642.7999999999884
2016-12-03,1908.0,365.0,137.0,380.5,503.30000000004657,0.3600000000005821,568.0
2016-12-04,1874.0,236.29999999998836,109.10000000000582,378.9000000000233,632.5,0.3099999999976717,565.7000000000116
2016-12-05,4975.0,1101.2000000000116,458.19999999998254,1300.1999999999534,1210.5,0.16999999999825377,784.7999999999884
2016-12-06,4877.0,1079.8000000000466,461.69999999998254,1265.9000000000233,1074.5,0.35000000000582077,863.2000000000116
2016-12-07,4932.0,1061.100000000035,467.20000000001164,1310.4000000000233,1105.2000000000116,0.3099999999976717,860.5
2016-12-08,5052.0,1098.399999999965,492.0,1305.6000000000931,1116.7000000000116,0.27999999999883585,916.2000000000116
2016-12-09,4784.0,1046.0,461.8999999999942,1239.3000000000466,1186.2000000000116,0.1900000000023283,722.0
2016-12-10,2449.0,439.5,136.80000000001746,366.0,875.5999999999767,0.06999999999970896,694.6000000000349
2016-12-11,3148.0,741.3999999999651,117.10000000000582,511.30000000004657,853.8999999999651,0.3000000000029104,980.2000000000116
2016-12-12,4465.0,1045.5999999999767,400.19999999998254,1176.6000000000931,1133.0999999999767,0.26000000000203727,609.1000000000349
2016-12-13,4792.0,1094.2000000000116,439.8999999999942,1266.6000000000931,1048.9000000000233,0.3600000000005821,835.3000000000466
2016-12-14,4973.0,1070.4000000000233,512.2999999999884,1275.5,1163.2000000000116,0.2900000000008731,841.8000000000466
2016-12-15,5007.0,1089.5,510.8999999999942,1271.2999999999302,1232.7000000000116,0.029999999998835847,797.4000000000233
2016-12-16,5077.0,1184.0,448.3999999999942,1219.2999999999302,1257.4000000000233,0.0,977.2000000000116
2016-12-17,2778.0,488.20000000001164,109.5,338.5,808.4000000000233,0.0,1105.7999999999884
2016-12-18,2649.0,567.0999999999767,114.70000000001164,490.30000000004657,565.3000000000466,0.4099999999962165,974.6999999999534
2016-12-19,4849.0,1173.0,464.3999999999942,1276.0,1259.4000000000233,0.0,642.3999999999651
2016-12-20,4743.0,1132.8000000000466,471.29999999998836,1287.8999999999069,1207.2000000000116,0.19999999999708962,649.0
2016-12-21,4822.0,1146.1999999999534,448.0999999999767,1355.1999999999534,1096.2000000000116,0.3400000000037835,775.3999999999651
2016-12-22,4692.0,1097.0,446.5,1254.3000000000466,1163.600000000035,0.1500000000014552,680.7000000000116
2016-12-23,4244.0,1034.4000000000233,448.70000000001164,1173.5,989.2000000000116,0.35000000000582077,528.3999999999651
2016-12-24,1786.0,281.4000000000233,116.80000000001746,326.0,492.5,0.3099999999976717,613.3999999999651
2016-12-25,1497.0,226.30000000004657,115.10000000000582,348.5,619.5999999999767,0.27999999999883585,233.0
2016-12-26,2297.0,600.5,115.5,322.29999999993015,619.7000000000116,0.3000000000029104,645.2999999999884
2016-12-27,1740.0,440.19999999995343,122.5,412.5,532.1000000000349,0.37000000000261934,245.5
2016-12-28,2035.0,541.8999999999069,121.39999999999418,416.9000000000233,688.2000000000698,0.26000000000203727,322.0999999999767
2016-12-29,2947.0,589.5,142.39999999999418,416.0999999999767,814.0999999999767,0.25,1055.5999999999767
2016-12-30,2312.0,538.7999999999302,116.89999999999418,422.5,923.7999999999302,0.22000000000116415,377.9000000000233
2016-12-31,2006.0,421.79999999993015,114.39999999999418,324.70000000006985,806.0,0.22999999999592546,361.20000000001164
2017-01-01,1747.0,467.80000000004657,117.5,347.69999999995343,586.5999999999767,0.31999999999970896,277.20000000001164
2017-01-02,2720.0,611.0,117.0,328.0,606.9000000000233,0.33000000000174623,1068.7000000000116
2017-01-03,4603.0,1236.0999999999767,458.0,1315.5,1080.5,0.31000000000494765,458.20000000001164
2017-01-04,4806.0,1135.7000000000698,508.5,1328.1999999999534,1051.8000000000466,0.37999999999738066,717.8000000000466
2017-01-05,5007.0,1034.0999999999767,497.20000000001164,1259.5999999999767,1188.5,0.16000000000349246,939.0999999999767
2017-01-06,4743.0,1093.6999999999534,478.0,1228.5999999999767,1190.5,0.09999999999854481,644.5
2017-01-07,2084.0,399.79999999993015,114.20000000001164,318.80000000004657,763.4000000000233,0.0,546.4000000000233
2017-01-08,2934.0,583.5,117.10000000000582,363.0999999999767,781.9000000000233,0.0,1158.5
2017-01-09,5462.0,1122.2000000000698,473.4000000000233,1258.5,1225.2999999999302,0.0,1352.4000000000233
2017-01-10,5185.0,1212.5,461.80000000001746,1331.0999999999767,1192.9000000000233,0.3099999999976717,960.8999999999651
2017-01-11,4909.0,1096.5,490.19999999998254,1336.5,933.7000000000698,0.4599999999991269,952.7999999999884
2017-01-12,4585.0,1147.3999999999069,464.8999999999942,1312.0,853.0,16.119999999995343,675.2999999999884
2017-01-13,4860.0,1082.9000000000233,447.6000000000058,1289.3999999999069,1037.6999999999534,0.33999999999650754,881.3000000000466
2017-01-14,2636.0,336.39999999990687,117.30000000001746,329.5999999999767,789.3999999999069,0.12999999999738066,1131.7999999999884
2017-01-15,2782.0,350.0,116.79999999998836,360.0999999999767,706.2000000000698,0.20999999999912689,1316.7000000000116
2017-01-16,2139.0,543.8000000000466,118.5,349.5999999999767,673.0999999999767,0.31999999999970896,467.29999999998836
2017-01-17,4715.0,1098.5,458.70000000001164,1272.8000000000466,1074.2000000000698,0.31999999999970896,690.3999999999651
2017-01-18,4838.0,1089.5,493.1000000000058,1363.5,1146.0,0.12999999999738066,632.9000000000233
2017-01-19,4801.0,1113.5999999999767,476.0,1340.0999999999767,1032.5999999999767,0.3000000000029104,715.2999999999884
2017-01-20,4609.0,1062.0999999999767,473.6000000000058,1298.5999999999767,1034.0,0.3499999999985448,627.2000000000116
2017-01-21,1724.0,315.0,143.5,363.5,455.30000000004657,0.42000000000552973,490.70000000001164
2017-01-22,1392.0,316.5999999999767,114.10000000000582,351.9000000000233,425.20000000006985,0.3099999999976717,222.39999999996508
2017-01-23,4717.0,1040.9000000000233,423.6000000000058,1151.7999999999302,1162.0999999999767,0.13999999999941792,833.0999999999767
2017-01-24,4713.0,1019.0,390.5,1135.9000000000233,1147.0,0.18000000000029104,910.5
2017-01-25,4416.0,971.4000000000233,409.4000000000233,1099.9000000000233,1005.2999999999302,0.27999999999883585,805.2000000000116
2017-01-26,4445.0,1037.5999999999767,466.6000000000058,1280.0,985.2000000000698,0.33000000000174623,543.5999999999767
2017-01-27,4271.0,1020.0999999999767,444.19999999998254,1088.5,998.8000000000466,0.3499999999985448,592.2000000000116
2017-01-28,2537.0,814.3999999999069,120.39999999999418,471.39999999990687,1032.3000000000466,0.2900000000008731,167.0
2017-01-29,3494.0,868.8000000000466,119.79999999998836,480.19999999995343,988.7000000000698,0.33000000000174623,1119.6999999999534
2017-01-30,4740.0,1025.1999999999534,478.1000000000058,1290.2999999999302,1183.8000000000466,0.22000000000116415,653.5
2017-01-31,5078.0,1019.3000000000466,461.79999999998836,1304.0,1201.3000000000466,0.19999999999708962,1050.399999999965
2017-02-01,4716.0,1006.0,498.69999999998254,1313.4000000000233,1116.5,0.2800000000061118,677.8999999999651
2017-02-02,4967.0,1060.5999999999767,496.3999999999942,1343.1999999999534,1134.2000000000698,0.3099999999976717,823.5
2017-02-03,5172.0,1000.8000000000466,444.5,1263.2000000000698,1161.0999999999767,0.20999999999912689,1251.4000000000233
2017-02-04,2184.0,300.0,109.70000000001164,346.29999999993015,784.0,0.16000000000349246,704.4000000000233
2017-02-05,2391.0,562.9000000000233,110.5,381.5,572.0999999999767,0.27999999999883585,821.2999999999884
2017-02-06,4552.0,987.7999999999302,467.30000000001746,1300.4000000000233,1131.0,0.25,594.2000000000116
2017-02-07,4478.0,930.2000000000698,441.0,1278.5,1130.3000000000466,0.12999999999738066,595.5999999999767
2017-02-08,4556.0,976.1999999999534,426.0999999999767,1248.4000000000233,1029.0999999999767,0.3000000000029104,766.8999999999651
2017-02-09,2158.0,242.29999999993015,116.40000000002328,401.79999999993015,807.1999999999534,0.03999999999359716,652.7000000000116
2017-02-10,5336.0,1030.0,405.9000000000233,1255.5999999999767,1225.2999999999302,0.0,1431.5999999999767
2017-02-11,3802.0,577.1999999999534,140.0,488.4000000000233,949.5999999999767,0.0,1736.2000000000116
2017-02-12,3160.0,487.80000000004657,114.39999999999418,462.9000000000233,878.5,0.12000000000261934,1268.600000000035
2017-02-13,2345.0,493.20000000006985,118.59999999997672,384.30000000004657,781.2999999999302,0.0,629.2000000000116
2017-02-14,4644.0,1031.4000000000233,456.0,1305.9000000000233,1187.4000000000233,0.1900000000023283,668.2999999999884
2017-02-15,4616.0,1004.7999999999302,486.9000000000233,1327.5,1048.0999999999767,0.22000000000116415,708.4000000000233
2017-02-16,4807.0,962.6999999999534,491.0,1325.0,1198.5999999999767,0.06999999999970896,791.9000000000233
2017-02-17,4744.0,971.9000000000233,470.4000000000233,1257.5999999999767,1132.2999999999302,0.1599999999962165,817.7000000000116
2017-02-18,1613.0,246.5,118.89999999999418,367.4000000000233,512.6999999999534,0.2900000000008731,415.5
2017-02-19,1508.0,196.59999999997672,107.29999999998836,391.29999999993015,413.5,0.33000000000174623,443.0
2017-02-20,1741.0,214.30000000004657,118.80000000001746,371.30000000004657,455.9000000000233,0.26000000000203727,629.9000000000233
2017-02-21,1945.0,327.4000000000233,114.89999999999418,457.9000000000233,565.0999999999767,0.2699999999967986,535.1000000000349
2017-02-22,2017.0,350.80000000004657,171.89999999999418,505.80000000004657,483.20000000006985,0.37000000000261934,558.2000000000116
2017-02-23,1802.0,293.80000000004657,109.70000000001164,422.30000000004657,512.3999999999069,0.3099999999976717,512.0
2017-02-24,1880.0,262.9000000000233,110.70000000001164,448.9000000000233,464.0,0.33000000000174623,638.5999999999767
2017-02-25,2311.0,170.19999999995343,102.09999999997672,350.69999999995343,417.80000000004657,0.2699999999967986,1326.2999999999884
2017-02-26,1531.0,229.20000000006985,104.69999999998254,351.69999999995343,461.30000000004657,0.2199999999938882,424.5999999999767
2017-02-27,4519.0,1081.1999999999534,457.69999999998254,1238.8000000000466,930.7000000000698,0.3600000000005821,692.0999999999767
2017-02-28,4419.0,1043.4000000000233,451.30000000001746,1268.0,873.0,0.2800000000061118,662.2000000000116
2017-03-01,4332.0,1053.7000000000698,480.4000000000233,1301.2999999999302,808.2000000000698,2.1299999999973807,566.0
2017-03-02,4564.0,1008.0999999999767,504.5,1293.3000000000466,1050.5999999999767,0.26000000000203727,582.2999999999884
2017-03-03,4672.0,978.5999999999767,478.79999999998836,1237.3000000000466,1128.7999999999302,0.1599999999962165,726.4000000000233
2017-03-04,2503.0,293.0,115.0,463.89999999990687,884.7999999999302,0.0,814.0
2017-03-05,2357.0,541.0999999999767,114.10000000000582,372.4000000000233,812.2999999999302,0.040000000000873115,548.5
2017-03-06,4606.0,1056.0999999999767,475.29999999998836,1314.5,1089.4000000000233,0.23000000000320142,701.2999999999884
2017-03-07,4576.0,1071.5,472.29999999998836,1297.9000000000233,990.6999999999534,0.20000000000436557,677.9000000000233
2017-03-08,4386.0,989.4000000000233,510.69999999998254,1320.0,846.6000000000931,1.0500000000029104,608.0999999999767
2017-03-09,4431.0,962.1999999999534,480.79999999998836,1281.8000000000466,976.0,0.25,603.8999999999651
2017-03-10,4695.0,907.2999999999302,430.6000000000058,1068.5999999999767,1094.1999999999534,0.09999999999854481,1085.2999999999884
2017-03-11,3243.0,213.5,144.80000000001746,503.20000000006985,907.6999999999534,0.0,1547.4000000000233
2017-03-12,3460.0,533.1999999999534,120.29999999998836,409.20000000006985,862.3000000000466,0.0,1569.4000000000233
2017-03-13,4750.0,1011.6999999999534,476.29999999998836,1311.4000000000233,1099.0999999999767,0.13999999999941792,838.1999999999534
2017-03-14,2122.0,244.09999999997672,128.79999999998836,354.0999999999767,748.4000000000233,0.06999999999970896,710.5
2017-03-15,2856.0,610.5999999999767,154.70000000001164,473.20000000006985,840.1999999999534,0.12000000000261934,835.7999999999884
2017-03-16,4761.0,1037.9000000000233,499.20000000001164,1320.5,1077.2000000000698,0.12999999999738066,769.2000000000116
2017-03-17,5115.0,940.6999999999534,486.3999999999942,1258.0,1017.5,0.26000000000203727,1316.6999999999534
2017-03-18,2709.0,173.5,114.5,370.70000000006985,650.5,0.20999999999912689,1462.6999999999534
2017-03-19,2898.0,261.5999999999767,116.20000000001164,393.79999999993015,556.5,0.12999999999738066,1632.7000000000116
2017-03-20,4477.0,1065.5999999999767,497.8999999999942,1295.0999999999767,965.1000000000931,0.27999999999883585,546.0
2017-03-21,60.0,5.400000000023283,3.7999999999883585,12.79999999993015,18.0,0.0,21.5
Metasys File,2017 03 21 - AHS Electric & Gas (501 MB),Report Format,Summary,Time Period,Partial Day,Start Time,05:00,End Time,20:00
.,.,AHS - Main  (kWh),Energy.AHS_N1-Main-kWh-Energy (Trend1),Gym (kWh),Energy.AHS_N1-DG-kWh-Energy (Trend1),Plug Load (kWh) ,Energy.AHS_N1-DHB - kWh Total (Trend1),Lighting (kWh),Energy.AHS_N1-DL-Energy-kWh (Trend1),Kitchen | Emergency (kWh),Energy.AHS_N1-DE-ATS-Energy-kWh (Trend1),Chillers (kWh),Energy.M1-kWh-Energy (Trend1),Collins Center (kWh),Energy.CollinCtr-Energy-kWh (Trend1)
78347e49832d9e07cff0c26832143cb2